      0.0000      0.0000    -18.2499    0.4193882E-09
      0.0000      0.0000    -17.6611    0.4257476E-09
      0.0000      0.0000    -17.0724    0.4365174E-09
      0.0000      0.0000    -16.4837    0.4522882E-09
      0.0000      0.0000    -15.8950    0.4730518E-09
      0.0000      0.0000    -15.3063    0.5010703E-09
      0.0000      0.0000    -14.7176    0.5342347E-09
      0.0000      0.0000    -14.1289    0.5813892E-09
      0.0000      0.0000    -13.5402    0.6288494E-09
      0.0000      0.0000    -12.9515    0.7152169E-09
      0.0000      0.0000    -12.3628    0.7706978E-09
      0.0000      0.0000    -11.7741    0.9772534E-09
      0.0000      0.0000    -11.1854    0.1010182E-08
      0.0000      0.0000    -10.5967    0.1797948E-08
      0.0000      0.0000    -10.0080    0.1973288E-08
      0.0000      0.0000     -9.4193    0.6871125E-08
      0.0000      0.0000     -8.8306    0.1228468E-07
      0.0000      0.0000     -8.2419    0.5466278E-07
      0.0000      0.0000     -7.6532    0.1430357E-06
      0.0000      0.0000     -7.0645    0.5814162E-06
      0.0000      0.0000     -6.4758    0.1782708E-05
      0.0000      0.0000     -5.8871    0.6768486E-05
      0.0000      0.0000     -5.2983    0.2231066E-04
      0.0000      0.0000     -4.7096    0.8279638E-04
      0.0000      0.0000     -4.1209    0.2867536E-03
      0.0000      0.0000     -3.5322    0.1082017E-02
      0.0000      0.0000     -2.9435    0.4007505E-02
      0.0000      0.0000     -2.3548    0.1630521E-01
      0.0000      0.0000     -1.7661    0.6843782E-01
      0.0000      0.0000     -1.1774    0.2837689E+00
      0.0000      0.0000     -0.5887    0.5367487E+00
      0.0000      0.0000      0.0000    0.2400261E+00
      0.0000      0.0000      0.5887    0.5367487E+00
      0.0000      0.0000      1.1774    0.2837689E+00
      0.0000      0.0000      1.7661    0.6843782E-01
      0.0000      0.0000      2.3548    0.1630521E-01
      0.0000      0.0000      2.9435    0.4007505E-02
      0.0000      0.0000      3.5322    0.1082017E-02
      0.0000      0.0000      4.1209    0.2867536E-03
      0.0000      0.0000      4.7096    0.8279638E-04
      0.0000      0.0000      5.2983    0.2231066E-04
      0.0000      0.0000      5.8871    0.6768486E-05
      0.0000      0.0000      6.4758    0.1782708E-05
      0.0000      0.0000      7.0645    0.5814162E-06
      0.0000      0.0000      7.6532    0.1430357E-06
      0.0000      0.0000      8.2419    0.5466278E-07
      0.0000      0.0000      8.8306    0.1228468E-07
      0.0000      0.0000      9.4193    0.6871125E-08
      0.0000      0.0000     10.0080    0.1973288E-08
      0.0000      0.0000     10.5967    0.1797948E-08
      0.0000      0.0000     11.1854    0.1010182E-08
      0.0000      0.0000     11.7741    0.9772534E-09
      0.0000      0.0000     12.3628    0.7706978E-09
      0.0000      0.0000     12.9515    0.7152169E-09
      0.0000      0.0000     13.5402    0.6288494E-09
      0.0000      0.0000     14.1289    0.5813892E-09
      0.0000      0.0000     14.7176    0.5342347E-09
      0.0000      0.0000     15.3063    0.5010703E-09
      0.0000      0.0000     15.8950    0.4730518E-09
      0.0000      0.0000     16.4837    0.4522882E-09
      0.0000      0.0000     17.0724    0.4365174E-09
      0.0000      0.0000     17.6611    0.4257476E-09
      0.0000      0.0000     18.2499    0.4193882E-09
      0.0000      0.0000     18.8386    0.4171102E-09
    -18.2499      0.0000      0.0000    0.7673683E-10
    -17.6611      0.0000      0.0000    0.7958087E-10
    -17.0724      0.0000      0.0000    0.8340147E-10
    -16.4837      0.0000      0.0000    0.8821475E-10
    -15.8950      0.0000      0.0000    0.9439551E-10
    -15.3063      0.0000      0.0000    0.1018476E-09
    -14.7176      0.0000      0.0000    0.1115885E-09
    -14.1289      0.0000      0.0000    0.1227515E-09
    -13.5402      0.0000      0.0000    0.1385332E-09
    -12.9515      0.0000      0.0000    0.1548472E-09
    -12.3628      0.0000      0.0000    0.1826411E-09
    -11.7741      0.0000      0.0000    0.2063193E-09
