      0.0000      0.0000    -18.2499    0.4206401E-09
      0.0000      0.0000    -17.6611    0.4270140E-09
      0.0000      0.0000    -17.0724    0.4378172E-09
      0.0000      0.0000    -16.4837    0.4536223E-09
      0.0000      0.0000    -15.8950    0.4744536E-09
      0.0000      0.0000    -15.3063    0.5025250E-09
      0.0000      0.0000    -14.7176    0.5358166E-09
      0.0000      0.0000    -14.1289    0.5830403E-09
      0.0000      0.0000    -13.5402    0.6307882E-09
      0.0000      0.0000    -12.9515    0.7173034E-09
      0.0000      0.0000    -12.3628    0.7738684E-09
      0.0000      0.0000    -11.7741    0.9816856E-09
      0.0000      0.0000    -11.1854    0.1021786E-08
      0.0000      0.0000    -10.5967    0.1824181E-08
      0.0000      0.0000    -10.0080    0.2061573E-08
      0.0000      0.0000     -9.4193    0.7117332E-08
      0.0000      0.0000     -8.8306    0.1310830E-07
      0.0000      0.0000     -8.2419    0.5708246E-07
      0.0000      0.0000     -7.6532    0.1508298E-06
      0.0000      0.0000     -7.0645    0.6044118E-06
      0.0000      0.0000     -6.4758    0.1853852E-05
      0.0000      0.0000     -5.8871    0.6973501E-05
      0.0000      0.0000     -5.2983    0.2291088E-04
      0.0000      0.0000     -4.7096    0.8441802E-04
      0.0000      0.0000     -4.1209    0.2910136E-03
      0.0000      0.0000     -3.5322    0.1091614E-02
      0.0000      0.0000     -2.9435    0.4025104E-02
      0.0000      0.0000     -2.3548    0.1631231E-01
      0.0000      0.0000     -1.7661    0.6830638E-01
      0.0000      0.0000     -1.1774    0.2827424E+00
      0.0000      0.0000     -0.5887    0.5330513E+00
      0.0000      0.0000      0.0000    0.2356700E+00
      0.0000      0.0000      0.5887    0.5330513E+00
      0.0000      0.0000      1.1774    0.2827424E+00
      0.0000      0.0000      1.7661    0.6830638E-01
      0.0000      0.0000      2.3548    0.1631231E-01
      0.0000      0.0000      2.9435    0.4025104E-02
      0.0000      0.0000      3.5322    0.1091614E-02
      0.0000      0.0000      4.1209    0.2910136E-03
      0.0000      0.0000      4.7096    0.8441802E-04
      0.0000      0.0000      5.2983    0.2291088E-04
      0.0000      0.0000      5.8871    0.6973501E-05
      0.0000      0.0000      6.4758    0.1853852E-05
      0.0000      0.0000      7.0645    0.6044118E-06
      0.0000      0.0000      7.6532    0.1508298E-06
      0.0000      0.0000      8.2419    0.5708246E-07
      0.0000      0.0000      8.8306    0.1310830E-07
      0.0000      0.0000      9.4193    0.7117332E-08
      0.0000      0.0000     10.0080    0.2061573E-08
      0.0000      0.0000     10.5967    0.1824181E-08
      0.0000      0.0000     11.1854    0.1021786E-08
      0.0000      0.0000     11.7741    0.9816856E-09
      0.0000      0.0000     12.3628    0.7738684E-09
      0.0000      0.0000     12.9515    0.7173034E-09
      0.0000      0.0000     13.5402    0.6307882E-09
      0.0000      0.0000     14.1289    0.5830403E-09
      0.0000      0.0000     14.7176    0.5358166E-09
      0.0000      0.0000     15.3063    0.5025250E-09
      0.0000      0.0000     15.8950    0.4744536E-09
      0.0000      0.0000     16.4837    0.4536223E-09
      0.0000      0.0000     17.0724    0.4378172E-09
      0.0000      0.0000     17.6611    0.4270140E-09
      0.0000      0.0000     18.2499    0.4206401E-09
      0.0000      0.0000     18.8386    0.4183542E-09
    -18.2499      0.0000      0.0000    0.6715632E-10
    -17.6611      0.0000      0.0000    0.6977471E-10
    -17.0724      0.0000      0.0000    0.7321702E-10
    -16.4837      0.0000      0.0000    0.7756853E-10
    -15.8950      0.0000      0.0000    0.8309709E-10
    -15.3063      0.0000      0.0000    0.8983436E-10
    -14.7176      0.0000      0.0000    0.9847481E-10
    -14.1289      0.0000      0.0000    0.1086703E-09
    -13.5402      0.0000      0.0000    0.1224476E-09
    -12.9515      0.0000      0.0000    0.1377988E-09
    -12.3628      0.0000      0.0000    0.1611705E-09
    -11.7741      0.0000      0.0000    0.1851406E-09
