      0.0000      0.0000    -18.2499    0.4211758E-09
      0.0000      0.0000    -17.6611    0.4275575E-09
      0.0000      0.0000    -17.0724    0.4383742E-09
      0.0000      0.0000    -16.4837    0.4541983E-09
      0.0000      0.0000    -15.8950    0.4750565E-09
      0.0000      0.0000    -15.3063    0.5031596E-09
      0.0000      0.0000    -14.7176    0.5364977E-09
      0.0000      0.0000    -14.1289    0.5837664E-09
      0.0000      0.0000    -13.5402    0.6315966E-09
      0.0000      0.0000    -12.9515    0.7181572E-09
      0.0000      0.0000    -12.3628    0.7748896E-09
      0.0000      0.0000    -11.7741    0.9826575E-09
      0.0000      0.0000    -11.1854    0.1023151E-08
      0.0000      0.0000    -10.5967    0.1824800E-08
      0.0000      0.0000    -10.0080    0.2062950E-08
      0.0000      0.0000     -9.4193    0.7113078E-08
      0.0000      0.0000     -8.8306    0.1310133E-07
      0.0000      0.0000     -8.2419    0.5703157E-07
      0.0000      0.0000     -7.6532    0.1507107E-06
      0.0000      0.0000     -7.0645    0.6039135E-06
      0.0000      0.0000     -6.4758    0.1852484E-05
      0.0000      0.0000     -5.8871    0.6968598E-05
      0.0000      0.0000     -5.2983    0.2289634E-04
      0.0000      0.0000     -4.7096    0.8436914E-04
      0.0000      0.0000     -4.1209    0.2908636E-03
      0.0000      0.0000     -3.5322    0.1091132E-02
      0.0000      0.0000     -2.9435    0.4023659E-02
      0.0000      0.0000     -2.3548    0.1630829E-01
      0.0000      0.0000     -1.7661    0.6829770E-01
      0.0000      0.0000     -1.1774    0.2827287E+00
      0.0000      0.0000     -0.5887    0.5329436E+00
      0.0000      0.0000      0.0000    0.2354082E+00
      0.0000      0.0000      0.5887    0.5329436E+00
      0.0000      0.0000      1.1774    0.2827287E+00
      0.0000      0.0000      1.7661    0.6829770E-01
      0.0000      0.0000      2.3548    0.1630829E-01
      0.0000      0.0000      2.9435    0.4023659E-02
      0.0000      0.0000      3.5322    0.1091132E-02
      0.0000      0.0000      4.1209    0.2908636E-03
      0.0000      0.0000      4.7096    0.8436915E-04
      0.0000      0.0000      5.2983    0.2289634E-04
      0.0000      0.0000      5.8871    0.6968598E-05
      0.0000      0.0000      6.4758    0.1852484E-05
      0.0000      0.0000      7.0645    0.6039135E-06
      0.0000      0.0000      7.6532    0.1507107E-06
      0.0000      0.0000      8.2419    0.5703157E-07
      0.0000      0.0000      8.8306    0.1310133E-07
      0.0000      0.0000      9.4193    0.7113078E-08
      0.0000      0.0000     10.0080    0.2062950E-08
      0.0000      0.0000     10.5967    0.1824800E-08
      0.0000      0.0000     11.1854    0.1023151E-08
      0.0000      0.0000     11.7741    0.9826575E-09
      0.0000      0.0000     12.3628    0.7748896E-09
      0.0000      0.0000     12.9515    0.7181572E-09
      0.0000      0.0000     13.5402    0.6315966E-09
      0.0000      0.0000     14.1289    0.5837664E-09
      0.0000      0.0000     14.7176    0.5364977E-09
      0.0000      0.0000     15.3063    0.5031596E-09
      0.0000      0.0000     15.8950    0.4750565E-09
      0.0000      0.0000     16.4837    0.4541983E-09
      0.0000      0.0000     17.0724    0.4383742E-09
      0.0000      0.0000     17.6611    0.4275575E-09
      0.0000      0.0000     18.2499    0.4211758E-09
      0.0000      0.0000     18.8386    0.4188868E-09
    -18.2499      0.0000      0.0000    0.6628346E-10
    -17.6611      0.0000      0.0000    0.6886658E-10
    -17.0724      0.0000      0.0000    0.7226222E-10
    -16.4837      0.0000      0.0000    0.7655304E-10
    -15.8950      0.0000      0.0000    0.8200999E-10
    -15.3063      0.0000      0.0000    0.8864986E-10
    -14.7176      0.0000      0.0000    0.9718763E-10
    -14.1289      0.0000      0.0000    0.1072187E-09
    -13.5402      0.0000      0.0000    0.1208692E-09
    -12.9515      0.0000      0.0000    0.1358980E-09
    -12.3628      0.0000      0.0000    0.1592111E-09
    -11.7741      0.0000      0.0000    0.1823723E-09
