      0.0000      0.0000    -18.2499    0.4191938E-09
      0.0000      0.0000    -17.6611    0.4255468E-09
      0.0000      0.0000    -17.0724    0.4363134E-09
      0.0000      0.0000    -16.4837    0.4520676E-09
      0.0000      0.0000    -15.8950    0.4728271E-09
      0.0000      0.0000    -15.3063    0.5008123E-09
      0.0000      0.0000    -14.7176    0.5339815E-09
      0.0000      0.0000    -14.1289    0.5810796E-09
      0.0000      0.0000    -13.5402    0.6286145E-09
      0.0000      0.0000    -12.9515    0.7149829E-09
      0.0000      0.0000    -12.3628    0.7711205E-09
      0.0000      0.0000    -11.7741    0.9789245E-09
      0.0000      0.0000    -11.1854    0.1017931E-08
      0.0000      0.0000    -10.5967    0.1821332E-08
      0.0000      0.0000    -10.0080    0.2055228E-08
      0.0000      0.0000     -9.4193    0.7118057E-08
      0.0000      0.0000     -8.8306    0.1309751E-07
      0.0000      0.0000     -8.2419    0.5711788E-07
      0.0000      0.0000     -7.6532    0.1508490E-06
      0.0000      0.0000     -7.0645    0.6047921E-06
      0.0000      0.0000     -6.4758    0.1854645E-05
      0.0000      0.0000     -5.8871    0.6977930E-05
      0.0000      0.0000     -5.2983    0.2292429E-04
      0.0000      0.0000     -4.7096    0.8447578E-04
      0.0000      0.0000     -4.1209    0.2912136E-03
      0.0000      0.0000     -3.5322    0.1092382E-02
      0.0000      0.0000     -2.9435    0.4027700E-02
      0.0000      0.0000     -2.3548    0.1632030E-01
      0.0000      0.0000     -1.7661    0.6832389E-01
      0.0000      0.0000     -1.1774    0.2827778E+00
      0.0000      0.0000     -0.5887    0.5333737E+00
      0.0000      0.0000      0.0000    0.2363558E+00
      0.0000      0.0000      0.5887    0.5333737E+00
      0.0000      0.0000      1.1774    0.2827778E+00
      0.0000      0.0000      1.7661    0.6832389E-01
      0.0000      0.0000      2.3548    0.1632030E-01
      0.0000      0.0000      2.9435    0.4027700E-02
      0.0000      0.0000      3.5322    0.1092382E-02
      0.0000      0.0000      4.1209    0.2912136E-03
      0.0000      0.0000      4.7096    0.8447578E-04
      0.0000      0.0000      5.2983    0.2292429E-04
      0.0000      0.0000      5.8871    0.6977930E-05
      0.0000      0.0000      6.4758    0.1854645E-05
      0.0000      0.0000      7.0645    0.6047921E-06
      0.0000      0.0000      7.6532    0.1508490E-06
      0.0000      0.0000      8.2419    0.5711788E-07
      0.0000      0.0000      8.8306    0.1309751E-07
      0.0000      0.0000      9.4193    0.7118057E-08
      0.0000      0.0000     10.0080    0.2055228E-08
      0.0000      0.0000     10.5967    0.1821332E-08
      0.0000      0.0000     11.1854    0.1017931E-08
      0.0000      0.0000     11.7741    0.9789245E-09
      0.0000      0.0000     12.3628    0.7711205E-09
      0.0000      0.0000     12.9515    0.7149829E-09
      0.0000      0.0000     13.5402    0.6286145E-09
      0.0000      0.0000     14.1289    0.5810796E-09
      0.0000      0.0000     14.7176    0.5339815E-09
      0.0000      0.0000     15.3063    0.5008123E-09
      0.0000      0.0000     15.8950    0.4728271E-09
      0.0000      0.0000     16.4837    0.4520676E-09
      0.0000      0.0000     17.0724    0.4363134E-09
      0.0000      0.0000     17.6611    0.4255468E-09
      0.0000      0.0000     18.2499    0.4191938E-09
      0.0000      0.0000     18.8386    0.4169159E-09
    -18.2499      0.0000      0.0000    0.6967644E-10
    -17.6611      0.0000      0.0000    0.7238620E-10
    -17.0724      0.0000      0.0000    0.7595276E-10
    -16.4837      0.0000      0.0000    0.8046592E-10
    -15.8950      0.0000      0.0000    0.8618971E-10
    -15.3063      0.0000      0.0000    0.9318668E-10
    -14.7176      0.0000      0.0000    0.1021146E-09
    -14.1289      0.0000      0.0000    0.1127391E-09
    -13.5402      0.0000      0.0000    0.1268988E-09
    -12.9515      0.0000      0.0000    0.1430492E-09
    -12.3628      0.0000      0.0000    0.1667457E-09
    -11.7741      0.0000      0.0000    0.1925807E-09
