      0.0000      0.0000    -18.2499    0.6873396E-09
      0.0000      0.0000    -17.6611    0.3085434E-08
      0.0000      0.0000    -17.0724    0.8392412E-08
      0.0000      0.0000    -16.4837    0.1995055E-07
      0.0000      0.0000    -15.8950    0.4260104E-07
      0.0000      0.0000    -15.3063    0.8865680E-07
      0.0000      0.0000    -14.7176    0.1748559E-06
      0.0000      0.0000    -14.1289    0.3400267E-06
      0.0000      0.0000    -13.5402    0.6345249E-06
      0.0000      0.0000    -12.9515    0.1166034E-05
      0.0000      0.0000    -12.3628    0.2066255E-05
      0.0000      0.0000    -11.7741    0.3599642E-05
      0.0000      0.0000    -11.1854    0.6067420E-05
      0.0000      0.0000    -10.5967    0.1005508E-04
      0.0000      0.0000    -10.0080    0.1618521E-04
      0.0000      0.0000     -9.4193    0.2568832E-04
      0.0000      0.0000     -8.8306    0.3984438E-04
      0.0000      0.0000     -8.2419    0.6138388E-04
      0.0000      0.0000     -7.6532    0.9341979E-04
      0.0000      0.0000     -7.0645    0.1432594E-03
      0.0000      0.0000     -6.4758    0.2210986E-03
      0.0000      0.0000     -5.8871    0.3523944E-03
      0.0000      0.0000     -5.2983    0.5817909E-03
      0.0000      0.0000     -4.7096    0.1027359E-02
      0.0000      0.0000     -4.1209    0.1947016E-02
      0.0000      0.0000     -3.5322    0.4093570E-02
      0.0000      0.0000     -2.9435    0.9495033E-02
      0.0000      0.0000     -2.3548    0.2482737E-01
      0.0000      0.0000     -1.7661    0.7057587E-01
      0.0000      0.0000     -1.1774    0.1951016E+00
      0.0000      0.0000     -0.5887    0.2998197E+00
      0.0000      0.0000      0.0000    0.2021423E+00
      0.0000      0.0000      0.5887    0.2998197E+00
      0.0000      0.0000      1.1774    0.1951016E+00
      0.0000      0.0000      1.7661    0.7057587E-01
      0.0000      0.0000      2.3548    0.2482737E-01
      0.0000      0.0000      2.9435    0.9495033E-02
      0.0000      0.0000      3.5322    0.4093570E-02
      0.0000      0.0000      4.1209    0.1947016E-02
      0.0000      0.0000      4.7096    0.1027359E-02
      0.0000      0.0000      5.2983    0.5817909E-03
      0.0000      0.0000      5.8871    0.3523944E-03
      0.0000      0.0000      6.4758    0.2210986E-03
      0.0000      0.0000      7.0645    0.1432594E-03
      0.0000      0.0000      7.6532    0.9341978E-04
      0.0000      0.0000      8.2419    0.6138388E-04
      0.0000      0.0000      8.8306    0.3984438E-04
      0.0000      0.0000      9.4193    0.2568832E-04
      0.0000      0.0000     10.0080    0.1618522E-04
      0.0000      0.0000     10.5967    0.1005510E-04
      0.0000      0.0000     11.1854    0.6067448E-05
      0.0000      0.0000     11.7741    0.3599683E-05
      0.0000      0.0000     12.3628    0.2066316E-05
      0.0000      0.0000     12.9515    0.1166118E-05
      0.0000      0.0000     13.5402    0.6346381E-06
      0.0000      0.0000     14.1289    0.3401734E-06
      0.0000      0.0000     14.7176    0.1750369E-06
      0.0000      0.0000     15.3063    0.8887101E-07
      0.0000      0.0000     15.8950    0.4283862E-07
      0.0000      0.0000     16.4837    0.2019796E-07
      0.0000      0.0000     17.0724    0.8623675E-08
      0.0000      0.0000     17.6611    0.3271967E-08
      0.0000      0.0000     18.2499    0.7930579E-09
      0.0000      0.0000     18.8386    0.9476023E-10
    -18.2499      0.0000      0.0000    0.8311110E-10
    -17.6611      0.0000      0.0000    0.8585175E-10
    -17.0724      0.0000      0.0000    0.8967790E-10
    -16.4837      0.0000      0.0000    0.9445788E-10
    -15.8950      0.0000      0.0000    0.1008064E-09
    -15.3063      0.0000      0.0000    0.1081720E-09
    -14.7176      0.0000      0.0000    0.1184610E-09
    -14.1289      0.0000      0.0000    0.1290576E-09
    -13.5402      0.0000      0.0000    0.1466461E-09
    -12.9515      0.0000      0.0000    0.1602327E-09
    -12.3628      0.0000      0.0000    0.1948520E-09
    -11.7741      0.0000      0.0000    0.2072383E-09
