      0.0000      0.0000    -18.2499    0.4183973E-09
      0.0000      0.0000    -17.6611    0.4247391E-09
      0.0000      0.0000    -17.0724    0.4354856E-09
      0.0000      0.0000    -16.4837    0.4512126E-09
      0.0000      0.0000    -15.8950    0.4719323E-09
      0.0000      0.0000    -15.3063    0.4998720E-09
      0.0000      0.0000    -14.7176    0.5329724E-09
      0.0000      0.0000    -14.1289    0.5800047E-09
      0.0000      0.0000    -13.5402    0.6274136E-09
      0.0000      0.0000    -12.9515    0.7136996E-09
      0.0000      0.0000    -12.3628    0.7695355E-09
      0.0000      0.0000    -11.7741    0.9772242E-09
      0.0000      0.0000    -11.1854    0.1015059E-08
      0.0000      0.0000    -10.5967    0.1817665E-08
      0.0000      0.0000    -10.0080    0.2044451E-08
      0.0000      0.0000     -9.4193    0.7097055E-08
      0.0000      0.0000     -8.8306    0.1302231E-07
      0.0000      0.0000     -8.2419    0.5693068E-07
      0.0000      0.0000     -7.6532    0.1502175E-06
      0.0000      0.0000     -7.0645    0.6030961E-06
      0.0000      0.0000     -6.4758    0.1849368E-05
      0.0000      0.0000     -5.8871    0.6963833E-05
      0.0000      0.0000     -5.2983    0.2288430E-04
      0.0000      0.0000     -4.7096    0.8437774E-04
      0.0000      0.0000     -4.1209    0.2909811E-03
      0.0000      0.0000     -3.5322    0.1091976E-02
      0.0000      0.0000     -2.9435    0.4027345E-02
      0.0000      0.0000     -2.3548    0.1632191E-01
      0.0000      0.0000     -1.7661    0.6833345E-01
      0.0000      0.0000     -1.1774    0.2828370E+00
      0.0000      0.0000     -0.5887    0.5337178E+00
      0.0000      0.0000      0.0000    0.2368715E+00
      0.0000      0.0000      0.5887    0.5337178E+00
      0.0000      0.0000      1.1774    0.2828370E+00
      0.0000      0.0000      1.7661    0.6833345E-01
      0.0000      0.0000      2.3548    0.1632191E-01
      0.0000      0.0000      2.9435    0.4027345E-02
      0.0000      0.0000      3.5322    0.1091976E-02
      0.0000      0.0000      4.1209    0.2909811E-03
      0.0000      0.0000      4.7096    0.8437774E-04
      0.0000      0.0000      5.2983    0.2288430E-04
      0.0000      0.0000      5.8871    0.6963833E-05
      0.0000      0.0000      6.4758    0.1849368E-05
      0.0000      0.0000      7.0645    0.6030961E-06
      0.0000      0.0000      7.6532    0.1502175E-06
      0.0000      0.0000      8.2419    0.5693068E-07
      0.0000      0.0000      8.8306    0.1302231E-07
      0.0000      0.0000      9.4193    0.7097055E-08
      0.0000      0.0000     10.0080    0.2044451E-08
      0.0000      0.0000     10.5967    0.1817665E-08
      0.0000      0.0000     11.1854    0.1015059E-08
      0.0000      0.0000     11.7741    0.9772242E-09
      0.0000      0.0000     12.3628    0.7695355E-09
      0.0000      0.0000     12.9515    0.7136996E-09
      0.0000      0.0000     13.5402    0.6274136E-09
      0.0000      0.0000     14.1289    0.5800047E-09
      0.0000      0.0000     14.7176    0.5329724E-09
      0.0000      0.0000     15.3063    0.4998720E-09
      0.0000      0.0000     15.8950    0.4719323E-09
      0.0000      0.0000     16.4837    0.4512126E-09
      0.0000      0.0000     17.0724    0.4354856E-09
      0.0000      0.0000     17.6611    0.4247391E-09
      0.0000      0.0000     18.2499    0.4183973E-09
      0.0000      0.0000     18.8386    0.4161238E-09
    -18.2499      0.0000      0.0000    0.7284342E-10
    -17.6611      0.0000      0.0000    0.7565123E-10
    -17.0724      0.0000      0.0000    0.7935751E-10
    -16.4837      0.0000      0.0000    0.8405265E-10
    -15.8950      0.0000      0.0000    0.9000265E-10
    -15.3063      0.0000      0.0000    0.9729313E-10
    -14.7176      0.0000      0.0000    0.1065639E-09
    -14.1289      0.0000      0.0000    0.1176616E-09
    -13.5402      0.0000      0.0000    0.1323094E-09
    -12.9515      0.0000      0.0000    0.1492882E-09
    -12.3628      0.0000      0.0000    0.1735619E-09
    -11.7741      0.0000      0.0000    0.2011545E-09
