      0.0000      0.0000    -18.2499    0.4201683E-09
      0.0000      0.0000    -17.6611    0.4265353E-09
      0.0000      0.0000    -17.0724    0.4373265E-09
      0.0000      0.0000    -16.4837    0.4531150E-09
      0.0000      0.0000    -15.8950    0.4739227E-09
      0.0000      0.0000    -15.3063    0.5019662E-09
      0.0000      0.0000    -14.7176    0.5352170E-09
      0.0000      0.0000    -14.1289    0.5824012E-09
      0.0000      0.0000    -13.5402    0.6300763E-09
      0.0000      0.0000    -12.9515    0.7165515E-09
      0.0000      0.0000    -12.3628    0.7729661E-09
      0.0000      0.0000    -11.7741    0.9808206E-09
      0.0000      0.0000    -11.1854    0.1020545E-08
      0.0000      0.0000    -10.5967    0.1823523E-08
      0.0000      0.0000    -10.0080    0.2059962E-08
      0.0000      0.0000     -9.4193    0.7119904E-08
      0.0000      0.0000     -8.8306    0.1311056E-07
      0.0000      0.0000     -8.2419    0.5711576E-07
      0.0000      0.0000     -7.6532    0.1508982E-06
      0.0000      0.0000     -7.0645    0.6047432E-06
      0.0000      0.0000     -6.4758    0.1854729E-05
      0.0000      0.0000     -5.8871    0.6976879E-05
      0.0000      0.0000     -5.2983    0.2292098E-04
      0.0000      0.0000     -4.7096    0.8445373E-04
      0.0000      0.0000     -4.1209    0.2911265E-03
      0.0000      0.0000     -3.5322    0.1091994E-02
      0.0000      0.0000     -2.9435    0.4026282E-02
      0.0000      0.0000     -2.3548    0.1631569E-01
      0.0000      0.0000     -1.7661    0.6831364E-01
      0.0000      0.0000     -1.1774    0.2827545E+00
      0.0000      0.0000     -0.5887    0.5331540E+00
      0.0000      0.0000      0.0000    0.2359074E+00
      0.0000      0.0000      0.5887    0.5331540E+00
      0.0000      0.0000      1.1774    0.2827545E+00
      0.0000      0.0000      1.7661    0.6831364E-01
      0.0000      0.0000      2.3548    0.1631569E-01
      0.0000      0.0000      2.9435    0.4026282E-02
      0.0000      0.0000      3.5322    0.1091994E-02
      0.0000      0.0000      4.1209    0.2911265E-03
      0.0000      0.0000      4.7096    0.8445373E-04
      0.0000      0.0000      5.2983    0.2292098E-04
      0.0000      0.0000      5.8871    0.6976879E-05
      0.0000      0.0000      6.4758    0.1854729E-05
      0.0000      0.0000      7.0645    0.6047432E-06
      0.0000      0.0000      7.6532    0.1508982E-06
      0.0000      0.0000      8.2419    0.5711576E-07
      0.0000      0.0000      8.8306    0.1311056E-07
      0.0000      0.0000      9.4193    0.7119904E-08
      0.0000      0.0000     10.0080    0.2059962E-08
      0.0000      0.0000     10.5967    0.1823523E-08
      0.0000      0.0000     11.1854    0.1020545E-08
      0.0000      0.0000     11.7741    0.9808206E-09
      0.0000      0.0000     12.3628    0.7729661E-09
      0.0000      0.0000     12.9515    0.7165515E-09
      0.0000      0.0000     13.5402    0.6300763E-09
      0.0000      0.0000     14.1289    0.5824012E-09
      0.0000      0.0000     14.7176    0.5352170E-09
      0.0000      0.0000     15.3063    0.5019662E-09
      0.0000      0.0000     15.8950    0.4739227E-09
      0.0000      0.0000     16.4837    0.4531150E-09
      0.0000      0.0000     17.0724    0.4373265E-09
      0.0000      0.0000     17.6611    0.4265353E-09
      0.0000      0.0000     18.2499    0.4201683E-09
      0.0000      0.0000     18.8386    0.4178850E-09
    -18.2499      0.0000      0.0000    0.6815572E-10
    -17.6611      0.0000      0.0000    0.7081112E-10
    -17.0724      0.0000      0.0000    0.7430329E-10
    -16.4837      0.0000      0.0000    0.7871978E-10
    -15.8950      0.0000      0.0000    0.8432625E-10
    -15.3063      0.0000      0.0000    0.9116800E-10
    -14.7176      0.0000      0.0000    0.9992221E-10
    -14.1289      0.0000      0.0000    0.1102916E-09
    -13.5402      0.0000      0.0000    0.1242165E-09
    -12.9515      0.0000      0.0000    0.1398975E-09
    -12.3628      0.0000      0.0000    0.1633759E-09
    -11.7741      0.0000      0.0000    0.1881374E-09
