      0.0000      0.0000    -18.2499    0.4197692E-09
      0.0000      0.0000    -17.6611    0.4261306E-09
      0.0000      0.0000    -17.0724    0.4369116E-09
      0.0000      0.0000    -16.4837    0.4526862E-09
      0.0000      0.0000    -15.8950    0.4734739E-09
      0.0000      0.0000    -15.3063    0.5014940E-09
      0.0000      0.0000    -14.7176    0.5347103E-09
      0.0000      0.0000    -14.1289    0.5818616E-09
      0.0000      0.0000    -13.5402    0.6294746E-09
      0.0000      0.0000    -12.9515    0.7159166E-09
      0.0000      0.0000    -12.3628    0.7721990E-09
      0.0000      0.0000    -11.7741    0.9800812E-09
      0.0000      0.0000    -11.1854    0.1019446E-08
      0.0000      0.0000    -10.5967    0.1822844E-08
      0.0000      0.0000    -10.0080    0.2058108E-08
      0.0000      0.0000     -9.4193    0.7120741E-08
      0.0000      0.0000     -8.8306    0.1310781E-07
      0.0000      0.0000     -8.2419    0.5713064E-07
      0.0000      0.0000     -7.6532    0.1509130E-06
      0.0000      0.0000     -7.0645    0.6048994E-06
      0.0000      0.0000     -6.4758    0.1855090E-05
      0.0000      0.0000     -5.8871    0.6978662E-05
      0.0000      0.0000     -5.2983    0.2292642E-04
      0.0000      0.0000     -4.7096    0.8447578E-04
      0.0000      0.0000     -4.1209    0.2912010E-03
      0.0000      0.0000     -3.5322    0.1092269E-02
      0.0000      0.0000     -2.9435    0.4027192E-02
      0.0000      0.0000     -2.3548    0.1631844E-01
      0.0000      0.0000     -1.7661    0.6831954E-01
      0.0000      0.0000     -1.1774    0.2827655E+00
      0.0000      0.0000     -0.5887    0.5332541E+00
      0.0000      0.0000      0.0000    0.2361234E+00
      0.0000      0.0000      0.5887    0.5332541E+00
      0.0000      0.0000      1.1774    0.2827655E+00
      0.0000      0.0000      1.7661    0.6831954E-01
      0.0000      0.0000      2.3548    0.1631844E-01
      0.0000      0.0000      2.9435    0.4027192E-02
      0.0000      0.0000      3.5322    0.1092269E-02
      0.0000      0.0000      4.1209    0.2912010E-03
      0.0000      0.0000      4.7096    0.8447578E-04
      0.0000      0.0000      5.2983    0.2292642E-04
      0.0000      0.0000      5.8871    0.6978662E-05
      0.0000      0.0000      6.4758    0.1855090E-05
      0.0000      0.0000      7.0645    0.6048994E-06
      0.0000      0.0000      7.6532    0.1509130E-06
      0.0000      0.0000      8.2419    0.5713064E-07
      0.0000      0.0000      8.8306    0.1310781E-07
      0.0000      0.0000      9.4193    0.7120741E-08
      0.0000      0.0000     10.0080    0.2058108E-08
      0.0000      0.0000     10.5967    0.1822844E-08
      0.0000      0.0000     11.1854    0.1019446E-08
      0.0000      0.0000     11.7741    0.9800812E-09
      0.0000      0.0000     12.3628    0.7721990E-09
      0.0000      0.0000     12.9515    0.7159166E-09
      0.0000      0.0000     13.5402    0.6294746E-09
      0.0000      0.0000     14.1289    0.5818616E-09
      0.0000      0.0000     14.7176    0.5347103E-09
      0.0000      0.0000     15.3063    0.5014940E-09
      0.0000      0.0000     15.8950    0.4734739E-09
      0.0000      0.0000     16.4837    0.4526862E-09
      0.0000      0.0000     17.0724    0.4369116E-09
      0.0000      0.0000     17.6611    0.4261306E-09
      0.0000      0.0000     18.2499    0.4197692E-09
      0.0000      0.0000     18.8386    0.4174882E-09
    -18.2499      0.0000      0.0000    0.6912915E-10
    -17.6611      0.0000      0.0000    0.7181880E-10
    -17.0724      0.0000      0.0000    0.7535780E-10
    -16.4837      0.0000      0.0000    0.7983534E-10
    -15.8950      0.0000      0.0000    0.8551574E-10
    -15.3063      0.0000      0.0000    0.9245578E-10
    -14.7176      0.0000      0.0000    0.1013191E-09
    -14.1289      0.0000      0.0000    0.1118507E-09
    -13.5402      0.0000      0.0000    0.1259211E-09
    -12.9515      0.0000      0.0000    0.1419035E-09
    -12.3628      0.0000      0.0000    0.1655073E-09
    -11.7741      0.0000      0.0000    0.1909702E-09
