      0.0000      0.0000    -18.2499    0.4191604E-09
      0.0000      0.0000    -17.6611    0.4255162E-09
      0.0000      0.0000    -17.0724    0.4362803E-09
      0.0000      0.0000    -16.4837    0.4520419E-09
      0.0000      0.0000    -15.8950    0.4727946E-09
      0.0000      0.0000    -15.3063    0.5007966E-09
      0.0000      0.0000    -14.7176    0.5339441E-09
      0.0000      0.0000    -14.1289    0.5810712E-09
      0.0000      0.0000    -13.5402    0.6285104E-09
      0.0000      0.0000    -12.9515    0.7148360E-09
      0.0000      0.0000    -12.3628    0.7703255E-09
      0.0000      0.0000    -11.7741    0.9768660E-09
      0.0000      0.0000    -11.1854    0.1010178E-08
      0.0000      0.0000    -10.5967    0.1798623E-08
      0.0000      0.0000    -10.0080    0.1978119E-08
      0.0000      0.0000     -9.4193    0.6885218E-08
      0.0000      0.0000     -8.8306    0.1233981E-07
      0.0000      0.0000     -8.2419    0.5482031E-07
      0.0000      0.0000     -7.6532    0.1435860E-06
      0.0000      0.0000     -7.0645    0.5829976E-06
      0.0000      0.0000     -6.4758    0.1787859E-05
      0.0000      0.0000     -5.8871    0.6782950E-05
      0.0000      0.0000     -5.2983    0.2235413E-04
      0.0000      0.0000     -4.7096    0.8290923E-04
      0.0000      0.0000     -4.1209    0.2870481E-03
      0.0000      0.0000     -3.5322    0.1082623E-02
      0.0000      0.0000     -2.9435    0.4008508E-02
      0.0000      0.0000     -2.3548    0.1630481E-01
      0.0000      0.0000     -1.7661    0.6842536E-01
      0.0000      0.0000     -1.1774    0.2836557E+00
      0.0000      0.0000     -0.5887    0.5362177E+00
      0.0000      0.0000      0.0000    0.2392938E+00
      0.0000      0.0000      0.5887    0.5362177E+00
      0.0000      0.0000      1.1774    0.2836557E+00
      0.0000      0.0000      1.7661    0.6842536E-01
      0.0000      0.0000      2.3548    0.1630481E-01
      0.0000      0.0000      2.9435    0.4008508E-02
      0.0000      0.0000      3.5322    0.1082623E-02
      0.0000      0.0000      4.1209    0.2870481E-03
      0.0000      0.0000      4.7096    0.8290923E-04
      0.0000      0.0000      5.2983    0.2235413E-04
      0.0000      0.0000      5.8871    0.6782950E-05
      0.0000      0.0000      6.4758    0.1787859E-05
      0.0000      0.0000      7.0645    0.5829976E-06
      0.0000      0.0000      7.6532    0.1435860E-06
      0.0000      0.0000      8.2419    0.5482031E-07
      0.0000      0.0000      8.8306    0.1233981E-07
      0.0000      0.0000      9.4193    0.6885218E-08
      0.0000      0.0000     10.0080    0.1978119E-08
      0.0000      0.0000     10.5967    0.1798623E-08
      0.0000      0.0000     11.1854    0.1010178E-08
      0.0000      0.0000     11.7741    0.9768660E-09
      0.0000      0.0000     12.3628    0.7703255E-09
      0.0000      0.0000     12.9515    0.7148360E-09
      0.0000      0.0000     13.5402    0.6285104E-09
      0.0000      0.0000     14.1289    0.5810712E-09
      0.0000      0.0000     14.7176    0.5339441E-09
      0.0000      0.0000     15.3063    0.5007966E-09
      0.0000      0.0000     15.8950    0.4727946E-09
      0.0000      0.0000     16.4837    0.4520419E-09
      0.0000      0.0000     17.0724    0.4362803E-09
      0.0000      0.0000     17.6611    0.4255162E-09
      0.0000      0.0000     18.2499    0.4191604E-09
      0.0000      0.0000     18.8386    0.4168835E-09
    -18.2499      0.0000      0.0000    0.7658634E-10
    -17.6611      0.0000      0.0000    0.7944214E-10
    -17.0724      0.0000      0.0000    0.8326912E-10
    -16.4837      0.0000      0.0000    0.8809471E-10
    -15.8950      0.0000      0.0000    0.9427604E-10
    -15.3063      0.0000      0.0000    0.1017519E-09
    -14.7176      0.0000      0.0000    0.1114716E-09
    -14.1289      0.0000      0.0000    0.1227068E-09
    -13.5402      0.0000      0.0000    0.1383751E-09
    -12.9515      0.0000      0.0000    0.1549590E-09
    -12.3628      0.0000      0.0000    0.1822333E-09
    -11.7741      0.0000      0.0000    0.2069958E-09
