      0.0000      0.0000    -18.2499    0.4208391E-09
      0.0000      0.0000    -17.6611    0.4272159E-09
      0.0000      0.0000    -17.0724    0.4380241E-09
      0.0000      0.0000    -16.4837    0.4538362E-09
      0.0000      0.0000    -15.8950    0.4746777E-09
      0.0000      0.0000    -15.3063    0.5027604E-09
      0.0000      0.0000    -14.7176    0.5360703E-09
      0.0000      0.0000    -14.1289    0.5833087E-09
      0.0000      0.0000    -13.5402    0.6310912E-09
      0.0000      0.0000    -12.9515    0.7176140E-09
      0.0000      0.0000    -12.3628    0.7742568E-09
      0.0000      0.0000    -11.7741    0.9820118E-09
      0.0000      0.0000    -11.1854    0.1022308E-08
      0.0000      0.0000    -10.5967    0.1824191E-08
      0.0000      0.0000    -10.0080    0.2061908E-08
      0.0000      0.0000     -9.4193    0.7114067E-08
      0.0000      0.0000     -8.8306    0.1310248E-07
      0.0000      0.0000     -8.2419    0.5704856E-07
      0.0000      0.0000     -7.6532    0.1507464E-06
      0.0000      0.0000     -7.0645    0.6040833E-06
      0.0000      0.0000     -6.4758    0.1852926E-05
      0.0000      0.0000     -5.8871    0.6970299E-05
      0.0000      0.0000     -5.2983    0.2290136E-04
      0.0000      0.0000     -4.7096    0.8438713E-04
      0.0000      0.0000     -4.1209    0.2909208E-03
      0.0000      0.0000     -3.5322    0.1091329E-02
      0.0000      0.0000     -2.9435    0.4024280E-02
      0.0000      0.0000     -2.3548    0.1631012E-01
      0.0000      0.0000     -1.7661    0.6830188E-01
      0.0000      0.0000     -1.1774    0.2827365E+00
      0.0000      0.0000     -0.5887    0.5330028E+00
      0.0000      0.0000      0.0000    0.2355423E+00
      0.0000      0.0000      0.5887    0.5330028E+00
      0.0000      0.0000      1.1774    0.2827365E+00
      0.0000      0.0000      1.7661    0.6830188E-01
      0.0000      0.0000      2.3548    0.1631012E-01
      0.0000      0.0000      2.9435    0.4024280E-02
      0.0000      0.0000      3.5322    0.1091329E-02
      0.0000      0.0000      4.1209    0.2909208E-03
      0.0000      0.0000      4.7096    0.8438713E-04
      0.0000      0.0000      5.2983    0.2290136E-04
      0.0000      0.0000      5.8871    0.6970299E-05
      0.0000      0.0000      6.4758    0.1852926E-05
      0.0000      0.0000      7.0645    0.6040833E-06
      0.0000      0.0000      7.6532    0.1507464E-06
      0.0000      0.0000      8.2419    0.5704856E-07
      0.0000      0.0000      8.8306    0.1310248E-07
      0.0000      0.0000      9.4193    0.7114067E-08
      0.0000      0.0000     10.0080    0.2061908E-08
      0.0000      0.0000     10.5967    0.1824191E-08
      0.0000      0.0000     11.1854    0.1022308E-08
      0.0000      0.0000     11.7741    0.9820118E-09
      0.0000      0.0000     12.3628    0.7742568E-09
      0.0000      0.0000     12.9515    0.7176140E-09
      0.0000      0.0000     13.5402    0.6310912E-09
      0.0000      0.0000     14.1289    0.5833087E-09
      0.0000      0.0000     14.7176    0.5360703E-09
      0.0000      0.0000     15.3063    0.5027604E-09
      0.0000      0.0000     15.8950    0.4746777E-09
      0.0000      0.0000     16.4837    0.4538362E-09
      0.0000      0.0000     17.0724    0.4380241E-09
      0.0000      0.0000     17.6611    0.4272159E-09
      0.0000      0.0000     18.2499    0.4208391E-09
      0.0000      0.0000     18.8386    0.4185520E-09
    -18.2499      0.0000      0.0000    0.6657205E-10
    -17.6611      0.0000      0.0000    0.6916809E-10
    -17.0724      0.0000      0.0000    0.7258058E-10
    -16.4837      0.0000      0.0000    0.7689316E-10
    -15.8950      0.0000      0.0000    0.8237556E-10
    -15.3063      0.0000      0.0000    0.8905016E-10
    -14.7176      0.0000      0.0000    0.9762410E-10
    -14.1289      0.0000      0.0000    0.1077141E-09
    -13.5402      0.0000      0.0000    0.1214085E-09
    -12.9515      0.0000      0.0000    0.1365542E-09
    -12.3628      0.0000      0.0000    0.1598835E-09
    -11.7741      0.0000      0.0000    0.1833420E-09
