      0.0000      0.0000    -18.2499    0.4163749E-09
      0.0000      0.0000    -17.6611    0.4226880E-09
      0.0000      0.0000    -17.0724    0.4333838E-09
      0.0000      0.0000    -16.4837    0.4490399E-09
      0.0000      0.0000    -15.8950    0.4696617E-09
      0.0000      0.0000    -15.3063    0.4974778E-09
      0.0000      0.0000    -14.7176    0.5304179E-09
      0.0000      0.0000    -14.1289    0.5772486E-09
      0.0000      0.0000    -13.5402    0.6244007E-09
      0.0000      0.0000    -12.9515    0.7103202E-09
      0.0000      0.0000    -12.3628    0.7656440E-09
      0.0000      0.0000    -11.7741    0.9722762E-09
      0.0000      0.0000    -11.1854    0.1007960E-08
      0.0000      0.0000    -10.5967    0.1804317E-08
      0.0000      0.0000    -10.0080    0.2013538E-08
      0.0000      0.0000     -9.4193    0.7011808E-08
      0.0000      0.0000     -8.8306    0.1276826E-07
      0.0000      0.0000     -8.2419    0.5616226E-07
      0.0000      0.0000     -7.6532    0.1478368E-06
      0.0000      0.0000     -7.0645    0.5959109E-06
      0.0000      0.0000     -6.4758    0.1827488E-05
      0.0000      0.0000     -5.8871    0.6899642E-05
      0.0000      0.0000     -5.2983    0.2269718E-04
      0.0000      0.0000     -4.7096    0.8386015E-04
      0.0000      0.0000     -4.1209    0.2895995E-03
      0.0000      0.0000     -3.5322    0.1088628E-02
      0.0000      0.0000     -2.9435    0.4020162E-02
      0.0000      0.0000     -2.3548    0.1631091E-01
      0.0000      0.0000     -1.7661    0.6833712E-01
      0.0000      0.0000     -1.1774    0.2830200E+00
      0.0000      0.0000     -0.5887    0.5345399E+00
      0.0000      0.0000      0.0000    0.2377801E+00
      0.0000      0.0000      0.5887    0.5345399E+00
      0.0000      0.0000      1.1774    0.2830200E+00
      0.0000      0.0000      1.7661    0.6833712E-01
      0.0000      0.0000      2.3548    0.1631091E-01
      0.0000      0.0000      2.9435    0.4020162E-02
      0.0000      0.0000      3.5322    0.1088628E-02
      0.0000      0.0000      4.1209    0.2895995E-03
      0.0000      0.0000      4.7096    0.8386015E-04
      0.0000      0.0000      5.2983    0.2269718E-04
      0.0000      0.0000      5.8871    0.6899642E-05
      0.0000      0.0000      6.4758    0.1827488E-05
      0.0000      0.0000      7.0645    0.5959109E-06
      0.0000      0.0000      7.6532    0.1478368E-06
      0.0000      0.0000      8.2419    0.5616226E-07
      0.0000      0.0000      8.8306    0.1276826E-07
      0.0000      0.0000      9.4193    0.7011808E-08
      0.0000      0.0000     10.0080    0.2013538E-08
      0.0000      0.0000     10.5967    0.1804317E-08
      0.0000      0.0000     11.1854    0.1007960E-08
      0.0000      0.0000     11.7741    0.9722762E-09
      0.0000      0.0000     12.3628    0.7656440E-09
      0.0000      0.0000     12.9515    0.7103202E-09
      0.0000      0.0000     13.5402    0.6244007E-09
      0.0000      0.0000     14.1289    0.5772486E-09
      0.0000      0.0000     14.7176    0.5304179E-09
      0.0000      0.0000     15.3063    0.4974778E-09
      0.0000      0.0000     15.8950    0.4696617E-09
      0.0000      0.0000     16.4837    0.4490399E-09
      0.0000      0.0000     17.0724    0.4333838E-09
      0.0000      0.0000     17.6611    0.4226880E-09
      0.0000      0.0000     18.2499    0.4163749E-09
      0.0000      0.0000     18.8386    0.4141127E-09
    -18.2499      0.0000      0.0000    0.7566067E-10
    -17.6611      0.0000      0.0000    0.7854719E-10
    -17.0724      0.0000      0.0000    0.8237426E-10
    -16.4837      0.0000      0.0000    0.8722137E-10
    -15.8950      0.0000      0.0000    0.9337251E-10
    -15.3063      0.0000      0.0000    0.1009026E-09
    -14.7176      0.0000      0.0000    0.1104967E-09
    -14.1289      0.0000      0.0000    0.1219497E-09
    -13.5402      0.0000      0.0000    0.1371335E-09
    -12.9515      0.0000      0.0000    0.1546062E-09
    -12.3628      0.0000      0.0000    0.1798737E-09
    -11.7741      0.0000      0.0000    0.2080713E-09
