      0.0000      0.0000    -18.2499    0.4186279E-09
      0.0000      0.0000    -17.6611    0.4249728E-09
      0.0000      0.0000    -17.0724    0.4357251E-09
      0.0000      0.0000    -16.4837    0.4514596E-09
      0.0000      0.0000    -15.8950    0.4721911E-09
      0.0000      0.0000    -15.3063    0.5001430E-09
      0.0000      0.0000    -14.7176    0.5332644E-09
      0.0000      0.0000    -14.1289    0.5803138E-09
      0.0000      0.0000    -13.5402    0.6277646E-09
      0.0000      0.0000    -12.9515    0.7140733E-09
      0.0000      0.0000    -12.3628    0.7700320E-09
      0.0000      0.0000    -11.7741    0.9777952E-09
      0.0000      0.0000    -11.1854    0.1016247E-08
      0.0000      0.0000    -10.5967    0.1819665E-08
      0.0000      0.0000    -10.0080    0.2050923E-08
      0.0000      0.0000     -9.4193    0.7112760E-08
      0.0000      0.0000     -8.8306    0.1307541E-07
      0.0000      0.0000     -8.2419    0.5707754E-07
      0.0000      0.0000     -7.6532    0.1506874E-06
      0.0000      0.0000     -7.0645    0.6044352E-06
      0.0000      0.0000     -6.4758    0.1853424E-05
      0.0000      0.0000     -5.8871    0.6975210E-05
      0.0000      0.0000     -5.2983    0.2291665E-04
      0.0000      0.0000     -4.7096    0.8446298E-04
      0.0000      0.0000     -4.1209    0.2911976E-03
      0.0000      0.0000     -3.5322    0.1092453E-02
      0.0000      0.0000     -2.9435    0.4028207E-02
      0.0000      0.0000     -2.3548    0.1632254E-01
      0.0000      0.0000     -1.7661    0.6832990E-01
      0.0000      0.0000     -1.1774    0.2828002E+00
      0.0000      0.0000     -0.5887    0.5335481E+00
      0.0000      0.0000      0.0000    0.2366652E+00
      0.0000      0.0000      0.5887    0.5335481E+00
      0.0000      0.0000      1.1774    0.2828002E+00
      0.0000      0.0000      1.7661    0.6832990E-01
      0.0000      0.0000      2.3548    0.1632254E-01
      0.0000      0.0000      2.9435    0.4028207E-02
      0.0000      0.0000      3.5322    0.1092453E-02
      0.0000      0.0000      4.1209    0.2911976E-03
      0.0000      0.0000      4.7096    0.8446298E-04
      0.0000      0.0000      5.2983    0.2291665E-04
      0.0000      0.0000      5.8871    0.6975210E-05
      0.0000      0.0000      6.4758    0.1853424E-05
      0.0000      0.0000      7.0645    0.6044352E-06
      0.0000      0.0000      7.6532    0.1506874E-06
      0.0000      0.0000      8.2419    0.5707754E-07
      0.0000      0.0000      8.8306    0.1307541E-07
      0.0000      0.0000      9.4193    0.7112760E-08
      0.0000      0.0000     10.0080    0.2050923E-08
      0.0000      0.0000     10.5967    0.1819665E-08
      0.0000      0.0000     11.1854    0.1016247E-08
      0.0000      0.0000     11.7741    0.9777952E-09
      0.0000      0.0000     12.3628    0.7700320E-09
      0.0000      0.0000     12.9515    0.7140733E-09
      0.0000      0.0000     13.5402    0.6277646E-09
      0.0000      0.0000     14.1289    0.5803138E-09
      0.0000      0.0000     14.7176    0.5332644E-09
      0.0000      0.0000     15.3063    0.5001430E-09
      0.0000      0.0000     15.8950    0.4721911E-09
      0.0000      0.0000     16.4837    0.4514596E-09
      0.0000      0.0000     17.0724    0.4357251E-09
      0.0000      0.0000     17.6611    0.4249728E-09
      0.0000      0.0000     18.2499    0.4186279E-09
      0.0000      0.0000     18.8386    0.4163531E-09
    -18.2499      0.0000      0.0000    0.7097588E-10
    -17.6611      0.0000      0.0000    0.7372831E-10
    -17.0724      0.0000      0.0000    0.7735472E-10
    -16.4837      0.0000      0.0000    0.8194571E-10
    -15.8950      0.0000      0.0000    0.8776539E-10
    -15.3063      0.0000      0.0000    0.9488764E-10
    -14.7176      0.0000      0.0000    0.1039597E-09
    -14.1289      0.0000      0.0000    0.1147876E-09
    -13.5402      0.0000      0.0000    0.1291489E-09
    -12.9515      0.0000      0.0000    0.1456618E-09
    -12.3628      0.0000      0.0000    0.1695800E-09
    -11.7741      0.0000      0.0000    0.1962041E-09
