      0.0000      0.0000    -18.2499    0.4162962E-09
      0.0000      0.0000    -17.6611    0.4226086E-09
      0.0000      0.0000    -17.0724    0.4333023E-09
      0.0000      0.0000    -16.4837    0.4489568E-09
      0.0000      0.0000    -15.8950    0.4695745E-09
      0.0000      0.0000    -15.3063    0.4973879E-09
      0.0000      0.0000    -14.7176    0.5303208E-09
      0.0000      0.0000    -14.1289    0.5771450E-09
      0.0000      0.0000    -13.5402    0.6242808E-09
      0.0000      0.0000    -12.9515    0.7101648E-09
      0.0000      0.0000    -12.3628    0.7654015E-09
      0.0000      0.0000    -11.7741    0.9717304E-09
      0.0000      0.0000    -11.1854    0.1006581E-08
      0.0000      0.0000    -10.5967    0.1800067E-08
      0.0000      0.0000    -10.0080    0.2000657E-08
      0.0000      0.0000     -9.4193    0.6971039E-08
      0.0000      0.0000     -8.8306    0.1264062E-07
      0.0000      0.0000     -8.2419    0.5576504E-07
      0.0000      0.0000     -7.6532    0.1465987E-06
      0.0000      0.0000     -7.0645    0.5921405E-06
      0.0000      0.0000     -6.4758    0.1815983E-05
      0.0000      0.0000     -5.8871    0.6865692E-05
      0.0000      0.0000     -5.2983    0.2259776E-04
      0.0000      0.0000     -4.7096    0.8358365E-04
      0.0000      0.0000     -4.1209    0.2888570E-03
      0.0000      0.0000     -3.5322    0.1086839E-02
      0.0000      0.0000     -2.9435    0.4016449E-02
      0.0000      0.0000     -2.3548    0.1630678E-01
      0.0000      0.0000     -1.7661    0.6835066E-01
      0.0000      0.0000     -1.1774    0.2831625E+00
      0.0000      0.0000     -0.5887    0.5349966E+00
      0.0000      0.0000      0.0000    0.2382059E+00
      0.0000      0.0000      0.5887    0.5349966E+00
      0.0000      0.0000      1.1774    0.2831625E+00
      0.0000      0.0000      1.7661    0.6835066E-01
      0.0000      0.0000      2.3548    0.1630678E-01
      0.0000      0.0000      2.9435    0.4016449E-02
      0.0000      0.0000      3.5322    0.1086839E-02
      0.0000      0.0000      4.1209    0.2888570E-03
      0.0000      0.0000      4.7096    0.8358365E-04
      0.0000      0.0000      5.2983    0.2259776E-04
      0.0000      0.0000      5.8871    0.6865692E-05
      0.0000      0.0000      6.4758    0.1815983E-05
      0.0000      0.0000      7.0645    0.5921405E-06
      0.0000      0.0000      7.6532    0.1465987E-06
      0.0000      0.0000      8.2419    0.5576504E-07
      0.0000      0.0000      8.8306    0.1264062E-07
      0.0000      0.0000      9.4193    0.6971039E-08
      0.0000      0.0000     10.0080    0.2000657E-08
      0.0000      0.0000     10.5967    0.1800067E-08
      0.0000      0.0000     11.1854    0.1006581E-08
      0.0000      0.0000     11.7741    0.9717304E-09
      0.0000      0.0000     12.3628    0.7654015E-09
      0.0000      0.0000     12.9515    0.7101648E-09
      0.0000      0.0000     13.5402    0.6242808E-09
      0.0000      0.0000     14.1289    0.5771450E-09
      0.0000      0.0000     14.7176    0.5303208E-09
      0.0000      0.0000     15.3063    0.4973879E-09
      0.0000      0.0000     15.8950    0.4695745E-09
      0.0000      0.0000     16.4837    0.4489568E-09
      0.0000      0.0000     17.0724    0.4333023E-09
      0.0000      0.0000     17.6611    0.4226086E-09
      0.0000      0.0000     18.2499    0.4162962E-09
      0.0000      0.0000     18.8386    0.4140345E-09
    -18.2499      0.0000      0.0000    0.7603789E-10
    -17.6611      0.0000      0.0000    0.7893018E-10
    -17.0724      0.0000      0.0000    0.8277239E-10
    -16.4837      0.0000      0.0000    0.8763412E-10
    -15.8950      0.0000      0.0000    0.9381339E-10
    -15.3063      0.0000      0.0000    0.1013619E-09
    -14.7176      0.0000      0.0000    0.1110129E-09
    -14.1289      0.0000      0.0000    0.1224699E-09
    -13.5402      0.0000      0.0000    0.1377941E-09
    -12.9515      0.0000      0.0000    0.1551752E-09
    -12.3628      0.0000      0.0000    0.1808900E-09
    -11.7741      0.0000      0.0000    0.2085790E-09
