      0.0000      0.0000    -18.2499    0.4168140E-09
      0.0000      0.0000    -17.6611    0.4231346E-09
      0.0000      0.0000    -17.0724    0.4338410E-09
      0.0000      0.0000    -16.4837    0.4495158E-09
      0.0000      0.0000    -15.8950    0.4701578E-09
      0.0000      0.0000    -15.3063    0.4980070E-09
      0.0000      0.0000    -14.7176    0.5309779E-09
      0.0000      0.0000    -14.1289    0.5778586E-09
      0.0000      0.0000    -13.5402    0.6250441E-09
      0.0000      0.0000    -12.9515    0.7109946E-09
      0.0000      0.0000    -12.3628    0.7662243E-09
      0.0000      0.0000    -11.7741    0.9724087E-09
      0.0000      0.0000    -11.1854    0.1006406E-08
      0.0000      0.0000    -10.5967    0.1797095E-08
      0.0000      0.0000    -10.0080    0.1987844E-08
      0.0000      0.0000     -9.4193    0.6928004E-08
      0.0000      0.0000     -8.8306    0.1249805E-07
      0.0000      0.0000     -8.2419    0.5532231E-07
      0.0000      0.0000     -7.6532    0.1451954E-06
      0.0000      0.0000     -7.0645    0.5878911E-06
      0.0000      0.0000     -6.4758    0.1802913E-05
      0.0000      0.0000     -5.8871    0.6827332E-05
      0.0000      0.0000     -5.2983    0.2248500E-04
      0.0000      0.0000     -4.7096    0.8327270E-04
      0.0000      0.0000     -4.1209    0.2880259E-03
      0.0000      0.0000     -3.5322    0.1084897E-02
      0.0000      0.0000     -2.9435    0.4012693E-02
      0.0000      0.0000     -2.3548    0.1630471E-01
      0.0000      0.0000     -1.7661    0.6837816E-01
      0.0000      0.0000     -1.1774    0.2833728E+00
      0.0000      0.0000     -0.5887    0.5356166E+00
      0.0000      0.0000      0.0000    0.2388051E+00
      0.0000      0.0000      0.5887    0.5356166E+00
      0.0000      0.0000      1.1774    0.2833728E+00
      0.0000      0.0000      1.7661    0.6837816E-01
      0.0000      0.0000      2.3548    0.1630471E-01
      0.0000      0.0000      2.9435    0.4012693E-02
      0.0000      0.0000      3.5322    0.1084897E-02
      0.0000      0.0000      4.1209    0.2880259E-03
      0.0000      0.0000      4.7096    0.8327270E-04
      0.0000      0.0000      5.2983    0.2248500E-04
      0.0000      0.0000      5.8871    0.6827332E-05
      0.0000      0.0000      6.4758    0.1802913E-05
      0.0000      0.0000      7.0645    0.5878911E-06
      0.0000      0.0000      7.6532    0.1451954E-06
      0.0000      0.0000      8.2419    0.5532231E-07
      0.0000      0.0000      8.8306    0.1249805E-07
      0.0000      0.0000      9.4193    0.6928004E-08
      0.0000      0.0000     10.0080    0.1987844E-08
      0.0000      0.0000     10.5967    0.1797095E-08
      0.0000      0.0000     11.1854    0.1006406E-08
      0.0000      0.0000     11.7741    0.9724087E-09
      0.0000      0.0000     12.3628    0.7662243E-09
      0.0000      0.0000     12.9515    0.7109946E-09
      0.0000      0.0000     13.5402    0.6250441E-09
      0.0000      0.0000     14.1289    0.5778586E-09
      0.0000      0.0000     14.7176    0.5309779E-09
      0.0000      0.0000     15.3063    0.4980070E-09
      0.0000      0.0000     15.8950    0.4701578E-09
      0.0000      0.0000     16.4837    0.4495158E-09
      0.0000      0.0000     17.0724    0.4338410E-09
      0.0000      0.0000     17.6611    0.4231346E-09
      0.0000      0.0000     18.2499    0.4168140E-09
      0.0000      0.0000     18.8386    0.4145498E-09
    -18.2499      0.0000      0.0000    0.7593723E-10
    -17.6611      0.0000      0.0000    0.7881490E-10
    -17.0724      0.0000      0.0000    0.8264781E-10
    -16.4837      0.0000      0.0000    0.8748985E-10
    -15.8950      0.0000      0.0000    0.9366049E-10
    -15.3063      0.0000      0.0000    0.1011698E-09
    -14.7176      0.0000      0.0000    0.1108302E-09
    -14.1289      0.0000      0.0000    0.1221850E-09
    -13.5402      0.0000      0.0000    0.1376132E-09
    -12.9515      0.0000      0.0000    0.1546648E-09
    -12.3628      0.0000      0.0000    0.1809294E-09
    -11.7741      0.0000      0.0000    0.2074488E-09
