      0.0000      0.0000    -18.2499    0.4204136E-09
      0.0000      0.0000    -17.6611    0.4267843E-09
      0.0000      0.0000    -17.0724    0.4375816E-09
      0.0000      0.0000    -16.4837    0.4533788E-09
      0.0000      0.0000    -15.8950    0.4741987E-09
      0.0000      0.0000    -15.3063    0.5022567E-09
      0.0000      0.0000    -14.7176    0.5355287E-09
      0.0000      0.0000    -14.1289    0.5827334E-09
      0.0000      0.0000    -13.5402    0.6304465E-09
      0.0000      0.0000    -12.9515    0.7169423E-09
      0.0000      0.0000    -12.3628    0.7734359E-09
      0.0000      0.0000    -11.7741    0.9812710E-09
      0.0000      0.0000    -11.1854    0.1021196E-08
      0.0000      0.0000    -10.5967    0.1823878E-08
      0.0000      0.0000    -10.0080    0.2060857E-08
      0.0000      0.0000     -9.4193    0.7118710E-08
      0.0000      0.0000     -8.8306    0.1310992E-07
      0.0000      0.0000     -8.2419    0.5709988E-07
      0.0000      0.0000     -7.6532    0.1508674E-06
      0.0000      0.0000     -7.0645    0.6045843E-06
      0.0000      0.0000     -6.4758    0.1854315E-05
      0.0000      0.0000     -5.8871    0.6975237E-05
      0.0000      0.0000     -5.2983    0.2291606E-04
      0.0000      0.0000     -4.7096    0.8443599E-04
      0.0000      0.0000     -4.1209    0.2910699E-03
      0.0000      0.0000     -3.5322    0.1091800E-02
      0.0000      0.0000     -2.9435    0.4025675E-02
      0.0000      0.0000     -2.3548    0.1631393E-01
      0.0000      0.0000     -1.7661    0.6830986E-01
      0.0000      0.0000     -1.1774    0.2827481E+00
      0.0000      0.0000     -0.5887    0.5330989E+00
      0.0000      0.0000      0.0000    0.2357820E+00
      0.0000      0.0000      0.5887    0.5330989E+00
      0.0000      0.0000      1.1774    0.2827481E+00
      0.0000      0.0000      1.7661    0.6830986E-01
      0.0000      0.0000      2.3548    0.1631393E-01
      0.0000      0.0000      2.9435    0.4025675E-02
      0.0000      0.0000      3.5322    0.1091800E-02
      0.0000      0.0000      4.1209    0.2910699E-03
      0.0000      0.0000      4.7096    0.8443599E-04
      0.0000      0.0000      5.2983    0.2291606E-04
      0.0000      0.0000      5.8871    0.6975237E-05
      0.0000      0.0000      6.4758    0.1854315E-05
      0.0000      0.0000      7.0645    0.6045843E-06
      0.0000      0.0000      7.6532    0.1508674E-06
      0.0000      0.0000      8.2419    0.5709988E-07
      0.0000      0.0000      8.8306    0.1310992E-07
      0.0000      0.0000      9.4193    0.7118710E-08
      0.0000      0.0000     10.0080    0.2060857E-08
      0.0000      0.0000     10.5967    0.1823878E-08
      0.0000      0.0000     11.1854    0.1021196E-08
      0.0000      0.0000     11.7741    0.9812710E-09
      0.0000      0.0000     12.3628    0.7734359E-09
      0.0000      0.0000     12.9515    0.7169423E-09
      0.0000      0.0000     13.5402    0.6304465E-09
      0.0000      0.0000     14.1289    0.5827334E-09
      0.0000      0.0000     14.7176    0.5355287E-09
      0.0000      0.0000     15.3063    0.5022567E-09
      0.0000      0.0000     15.8950    0.4741987E-09
      0.0000      0.0000     16.4837    0.4533788E-09
      0.0000      0.0000     17.0724    0.4375816E-09
      0.0000      0.0000     17.6611    0.4267843E-09
      0.0000      0.0000     18.2499    0.4204136E-09
      0.0000      0.0000     18.8386    0.4181290E-09
    -18.2499      0.0000      0.0000    0.6759958E-10
    -17.6611      0.0000      0.0000    0.7023473E-10
    -17.0724      0.0000      0.0000    0.7369953E-10
    -16.4837      0.0000      0.0000    0.7808033E-10
    -15.8950      0.0000      0.0000    0.8364387E-10
    -15.3063      0.0000      0.0000    0.9042820E-10
    -14.7176      0.0000      0.0000    0.9911951E-10
    -14.1289      0.0000      0.0000    0.1093936E-09
    -13.5402      0.0000      0.0000    0.1232362E-09
    -12.9515      0.0000      0.0000    0.1387376E-09
    -12.3628      0.0000      0.0000    0.1621527E-09
    -11.7741      0.0000      0.0000    0.1864874E-09
