      0.0000      0.0000    -18.2499    0.4165575E-09
      0.0000      0.0000    -17.6611    0.4228730E-09
      0.0000      0.0000    -17.0724    0.4335734E-09
      0.0000      0.0000    -16.4837    0.4492356E-09
      0.0000      0.0000    -15.8950    0.4698663E-09
      0.0000      0.0000    -15.3063    0.4976931E-09
      0.0000      0.0000    -14.7176    0.5306477E-09
      0.0000      0.0000    -14.1289    0.5774967E-09
      0.0000      0.0000    -13.5402    0.6246728E-09
      0.0000      0.0000    -12.9515    0.7106340E-09
      0.0000      0.0000    -12.3628    0.7660191E-09
      0.0000      0.0000    -11.7741    0.9728334E-09
      0.0000      0.0000    -11.1854    0.1008909E-08
      0.0000      0.0000    -10.5967    0.1806644E-08
      0.0000      0.0000    -10.0080    0.2019666E-08
      0.0000      0.0000     -9.4193    0.7030588E-08
      0.0000      0.0000     -8.8306    0.1282514E-07
      0.0000      0.0000     -8.2419    0.5633949E-07
      0.0000      0.0000     -7.6532    0.1483832E-06
      0.0000      0.0000     -7.0645    0.5975813E-06
      0.0000      0.0000     -6.4758    0.1832558E-05
      0.0000      0.0000     -5.8871    0.6914656E-05
      0.0000      0.0000     -5.2983    0.2274103E-04
      0.0000      0.0000     -4.7096    0.8398279E-04
      0.0000      0.0000     -4.1209    0.2899299E-03
      0.0000      0.0000     -3.5322    0.1089441E-02
      0.0000      0.0000     -2.9435    0.4021927E-02
      0.0000      0.0000     -2.3548    0.1631349E-01
      0.0000      0.0000     -1.7661    0.6833483E-01
      0.0000      0.0000     -1.1774    0.2829717E+00
      0.0000      0.0000     -0.5887    0.5343674E+00
      0.0000      0.0000      0.0000    0.2376213E+00
      0.0000      0.0000      0.5887    0.5343674E+00
      0.0000      0.0000      1.1774    0.2829717E+00
      0.0000      0.0000      1.7661    0.6833483E-01
      0.0000      0.0000      2.3548    0.1631349E-01
      0.0000      0.0000      2.9435    0.4021927E-02
      0.0000      0.0000      3.5322    0.1089441E-02
      0.0000      0.0000      4.1209    0.2899299E-03
      0.0000      0.0000      4.7096    0.8398279E-04
      0.0000      0.0000      5.2983    0.2274103E-04
      0.0000      0.0000      5.8871    0.6914656E-05
      0.0000      0.0000      6.4758    0.1832558E-05
      0.0000      0.0000      7.0645    0.5975813E-06
      0.0000      0.0000      7.6532    0.1483832E-06
      0.0000      0.0000      8.2419    0.5633949E-07
      0.0000      0.0000      8.8306    0.1282514E-07
      0.0000      0.0000      9.4193    0.7030588E-08
      0.0000      0.0000     10.0080    0.2019666E-08
      0.0000      0.0000     10.5967    0.1806644E-08
      0.0000      0.0000     11.1854    0.1008909E-08
      0.0000      0.0000     11.7741    0.9728334E-09
      0.0000      0.0000     12.3628    0.7660191E-09
      0.0000      0.0000     12.9515    0.7106340E-09
      0.0000      0.0000     13.5402    0.6246728E-09
      0.0000      0.0000     14.1289    0.5774967E-09
      0.0000      0.0000     14.7176    0.5306477E-09
      0.0000      0.0000     15.3063    0.4976931E-09
      0.0000      0.0000     15.8950    0.4698663E-09
      0.0000      0.0000     16.4837    0.4492356E-09
      0.0000      0.0000     17.0724    0.4335734E-09
      0.0000      0.0000     17.6611    0.4228730E-09
      0.0000      0.0000     18.2499    0.4165575E-09
      0.0000      0.0000     18.8386    0.4142942E-09
    -18.2499      0.0000      0.0000    0.7526013E-10
    -17.6611      0.0000      0.0000    0.7813686E-10
    -17.0724      0.0000      0.0000    0.8194746E-10
    -16.4837      0.0000      0.0000    0.8677474E-10
    -15.8950      0.0000      0.0000    0.9289765E-10
    -15.3063      0.0000      0.0000    0.1003974E-09
    -14.7176      0.0000      0.0000    0.1099435E-09
    -14.1289      0.0000      0.0000    0.1213565E-09
    -13.5402      0.0000      0.0000    0.1364507E-09
    -12.9515      0.0000      0.0000    0.1538893E-09
    -12.3628      0.0000      0.0000    0.1789496E-09
    -11.7741      0.0000      0.0000    0.2071919E-09
