      0.0000      0.0000    -18.2499    0.4188223E-09
      0.0000      0.0000    -17.6611    0.4251702E-09
      0.0000      0.0000    -17.0724    0.4359273E-09
      0.0000      0.0000    -16.4837    0.4516691E-09
      0.0000      0.0000    -15.8950    0.4724097E-09
      0.0000      0.0000    -15.3063    0.5003748E-09
      0.0000      0.0000    -14.7176    0.5335101E-09
      0.0000      0.0000    -14.1289    0.5805818E-09
      0.0000      0.0000    -13.5402    0.6280500E-09
      0.0000      0.0000    -12.9515    0.7143983E-09
      0.0000      0.0000    -12.3628    0.7703615E-09
      0.0000      0.0000    -11.7741    0.9781923E-09
      0.0000      0.0000    -11.1854    0.1016519E-08
      0.0000      0.0000    -10.5967    0.1819937E-08
      0.0000      0.0000    -10.0080    0.2050087E-08
      0.0000      0.0000     -9.4193    0.7110324E-08
      0.0000      0.0000     -8.8306    0.1306434E-07
      0.0000      0.0000     -8.2419    0.5704775E-07
      0.0000      0.0000     -7.6532    0.1505904E-06
      0.0000      0.0000     -7.0645    0.6041691E-06
      0.0000      0.0000     -6.4758    0.1852649E-05
      0.0000      0.0000     -5.8871    0.6973105E-05
      0.0000      0.0000     -5.2983    0.2291095E-04
      0.0000      0.0000     -4.7096    0.8444827E-04
      0.0000      0.0000     -4.1209    0.2911616E-03
      0.0000      0.0000     -3.5322    0.1092374E-02
      0.0000      0.0000     -2.9435    0.4028073E-02
      0.0000      0.0000     -2.3548    0.1632252E-01
      0.0000      0.0000     -1.7661    0.6833096E-01
      0.0000      0.0000     -1.1774    0.2828076E+00
      0.0000      0.0000     -0.5887    0.5335648E+00
      0.0000      0.0000      0.0000    0.2366704E+00
      0.0000      0.0000      0.5887    0.5335648E+00
      0.0000      0.0000      1.1774    0.2828076E+00
      0.0000      0.0000      1.7661    0.6833096E-01
      0.0000      0.0000      2.3548    0.1632252E-01
      0.0000      0.0000      2.9435    0.4028073E-02
      0.0000      0.0000      3.5322    0.1092374E-02
      0.0000      0.0000      4.1209    0.2911616E-03
      0.0000      0.0000      4.7096    0.8444827E-04
      0.0000      0.0000      5.2983    0.2291095E-04
      0.0000      0.0000      5.8871    0.6973105E-05
      0.0000      0.0000      6.4758    0.1852649E-05
      0.0000      0.0000      7.0645    0.6041691E-06
      0.0000      0.0000      7.6532    0.1505904E-06
      0.0000      0.0000      8.2419    0.5704775E-07
      0.0000      0.0000      8.8306    0.1306434E-07
      0.0000      0.0000      9.4193    0.7110324E-08
      0.0000      0.0000     10.0080    0.2050087E-08
      0.0000      0.0000     10.5967    0.1819937E-08
      0.0000      0.0000     11.1854    0.1016519E-08
      0.0000      0.0000     11.7741    0.9781923E-09
      0.0000      0.0000     12.3628    0.7703615E-09
      0.0000      0.0000     12.9515    0.7143983E-09
      0.0000      0.0000     13.5402    0.6280500E-09
      0.0000      0.0000     14.1289    0.5805818E-09
      0.0000      0.0000     14.7176    0.5335101E-09
      0.0000      0.0000     15.3063    0.5003748E-09
      0.0000      0.0000     15.8950    0.4724097E-09
      0.0000      0.0000     16.4837    0.4516691E-09
      0.0000      0.0000     17.0724    0.4359273E-09
      0.0000      0.0000     17.6611    0.4251702E-09
      0.0000      0.0000     18.2499    0.4188223E-09
      0.0000      0.0000     18.8386    0.4165465E-09
    -18.2499      0.0000      0.0000    0.7175069E-10
    -17.6611      0.0000      0.0000    0.7452562E-10
    -17.0724      0.0000      0.0000    0.7818436E-10
    -16.4837      0.0000      0.0000    0.8281784E-10
    -15.8950      0.0000      0.0000    0.8869030E-10
    -15.3063      0.0000      0.0000    0.9588156E-10
    -14.7176      0.0000      0.0000    0.1050334E-09
    -14.1289      0.0000      0.0000    0.1159733E-09
    -13.5402      0.0000      0.0000    0.1304465E-09
    -12.9515      0.0000      0.0000    0.1471580E-09
    -12.3628      0.0000      0.0000    0.1711999E-09
    -11.7741      0.0000      0.0000    0.1982583E-09
