      0.0000      0.0000    -18.2499    0.4203418E-09
      0.0000      0.0000    -17.6611    0.4267152E-09
      0.0000      0.0000    -17.0724    0.4375084E-09
      0.0000      0.0000    -16.4837    0.4533138E-09
      0.0000      0.0000    -15.8950    0.4741223E-09
      0.0000      0.0000    -15.3063    0.5022015E-09
      0.0000      0.0000    -14.7176    0.5354378E-09
      0.0000      0.0000    -14.1289    0.5826904E-09
      0.0000      0.0000    -13.5402    0.6302567E-09
      0.0000      0.0000    -12.9515    0.7167803E-09
      0.0000      0.0000    -12.3628    0.7724017E-09
      0.0000      0.0000    -11.7741    0.9791873E-09
      0.0000      0.0000    -11.1854    0.1012209E-08
      0.0000      0.0000    -10.5967    0.1800044E-08
      0.0000      0.0000    -10.0080    0.1974635E-08
      0.0000      0.0000     -9.4193    0.6869416E-08
      0.0000      0.0000     -8.8306    0.1227423E-07
      0.0000      0.0000     -8.2419    0.5461856E-07
      0.0000      0.0000     -7.6532    0.1429099E-06
      0.0000      0.0000     -7.0645    0.5809855E-06
      0.0000      0.0000     -6.4758    0.1781519E-05
      0.0000      0.0000     -5.8871    0.6764597E-05
      0.0000      0.0000     -5.2983    0.2229951E-04
      0.0000      0.0000     -4.7096    0.8276106E-04
      0.0000      0.0000     -4.1209    0.2866529E-03
      0.0000      0.0000     -3.5322    0.1081747E-02
      0.0000      0.0000     -2.9435    0.4007004E-02
      0.0000      0.0000     -2.3548    0.1630562E-01
      0.0000      0.0000     -1.7661    0.6844675E-01
      0.0000      0.0000     -1.1774    0.2837900E+00
      0.0000      0.0000     -0.5887    0.5366038E+00
      0.0000      0.0000      0.0000    0.2397521E+00
      0.0000      0.0000      0.5887    0.5366038E+00
      0.0000      0.0000      1.1774    0.2837900E+00
      0.0000      0.0000      1.7661    0.6844675E-01
      0.0000      0.0000      2.3548    0.1630562E-01
      0.0000      0.0000      2.9435    0.4007004E-02
      0.0000      0.0000      3.5322    0.1081747E-02
      0.0000      0.0000      4.1209    0.2866529E-03
      0.0000      0.0000      4.7096    0.8276106E-04
      0.0000      0.0000      5.2983    0.2229951E-04
      0.0000      0.0000      5.8871    0.6764597E-05
      0.0000      0.0000      6.4758    0.1781519E-05
      0.0000      0.0000      7.0645    0.5809855E-06
      0.0000      0.0000      7.6532    0.1429099E-06
      0.0000      0.0000      8.2419    0.5461856E-07
      0.0000      0.0000      8.8306    0.1227423E-07
      0.0000      0.0000      9.4193    0.6869416E-08
      0.0000      0.0000     10.0080    0.1974635E-08
      0.0000      0.0000     10.5967    0.1800044E-08
      0.0000      0.0000     11.1854    0.1012209E-08
      0.0000      0.0000     11.7741    0.9791873E-09
      0.0000      0.0000     12.3628    0.7724017E-09
      0.0000      0.0000     12.9515    0.7167803E-09
      0.0000      0.0000     13.5402    0.6302567E-09
      0.0000      0.0000     14.1289    0.5826904E-09
      0.0000      0.0000     14.7176    0.5354378E-09
      0.0000      0.0000     15.3063    0.5022015E-09
      0.0000      0.0000     15.8950    0.4741223E-09
      0.0000      0.0000     16.4837    0.4533138E-09
      0.0000      0.0000     17.0724    0.4375084E-09
      0.0000      0.0000     17.6611    0.4267152E-09
      0.0000      0.0000     18.2499    0.4203418E-09
      0.0000      0.0000     18.8386    0.4180586E-09
    -18.2499      0.0000      0.0000    0.7715657E-10
    -17.6611      0.0000      0.0000    0.8000130E-10
    -17.0724      0.0000      0.0000    0.8382822E-10
    -16.4837      0.0000      0.0000    0.8864917E-10
    -15.8950      0.0000      0.0000    0.9484520E-10
    -15.3063      0.0000      0.0000    0.1023099E-09
    -14.7176      0.0000      0.0000    0.1120808E-09
    -14.1289      0.0000      0.0000    0.1232551E-09
    -13.5402      0.0000      0.0000    0.1391000E-09
    -12.9515      0.0000      0.0000    0.1554025E-09
    -12.3628      0.0000      0.0000    0.1833655E-09
    -11.7741      0.0000      0.0000    0.2069793E-09
