      0.0000      0.0000    -18.2499    0.4173852E-09
      0.0000      0.0000    -17.6611    0.4237145E-09
      0.0000      0.0000    -17.0724    0.4344349E-09
      0.0000      0.0000    -16.4837    0.4501313E-09
      0.0000      0.0000    -15.8950    0.4708001E-09
      0.0000      0.0000    -15.3063    0.4986875E-09
      0.0000      0.0000    -14.7176    0.5317011E-09
      0.0000      0.0000    -14.1289    0.5786429E-09
      0.0000      0.0000    -13.5402    0.6258879E-09
      0.0000      0.0000    -12.9515    0.7119264E-09
      0.0000      0.0000    -12.3628    0.7671967E-09
      0.0000      0.0000    -11.7741    0.9734058E-09
      0.0000      0.0000    -11.1854    0.1006999E-08
      0.0000      0.0000    -10.5967    0.1796457E-08
      0.0000      0.0000    -10.0080    0.1982019E-08
      0.0000      0.0000     -9.4193    0.6907063E-08
      0.0000      0.0000     -8.8306    0.1242449E-07
      0.0000      0.0000     -8.2419    0.5509429E-07
      0.0000      0.0000     -7.6532    0.1444610E-06
      0.0000      0.0000     -7.0645    0.5856781E-06
      0.0000      0.0000     -6.4758    0.1796057E-05
      0.0000      0.0000     -5.8871    0.6807291E-05
      0.0000      0.0000     -5.2983    0.2242587E-04
      0.0000      0.0000     -4.7096    0.8311051E-04
      0.0000      0.0000     -4.1209    0.2875931E-03
      0.0000      0.0000     -3.5322    0.1083906E-02
      0.0000      0.0000     -2.9435    0.4010865E-02
      0.0000      0.0000     -2.3548    0.1630446E-01
      0.0000      0.0000     -1.7661    0.6839644E-01
      0.0000      0.0000     -1.1774    0.2834988E+00
      0.0000      0.0000     -0.5887    0.5359777E+00
      0.0000      0.0000      0.0000    0.2391711E+00
      0.0000      0.0000      0.5887    0.5359777E+00
      0.0000      0.0000      1.1774    0.2834988E+00
      0.0000      0.0000      1.7661    0.6839644E-01
      0.0000      0.0000      2.3548    0.1630446E-01
      0.0000      0.0000      2.9435    0.4010865E-02
      0.0000      0.0000      3.5322    0.1083906E-02
      0.0000      0.0000      4.1209    0.2875931E-03
      0.0000      0.0000      4.7096    0.8311051E-04
      0.0000      0.0000      5.2983    0.2242587E-04
      0.0000      0.0000      5.8871    0.6807291E-05
      0.0000      0.0000      6.4758    0.1796057E-05
      0.0000      0.0000      7.0645    0.5856781E-06
      0.0000      0.0000      7.6532    0.1444610E-06
      0.0000      0.0000      8.2419    0.5509429E-07
      0.0000      0.0000      8.8306    0.1242449E-07
      0.0000      0.0000      9.4193    0.6907063E-08
      0.0000      0.0000     10.0080    0.1982019E-08
      0.0000      0.0000     10.5967    0.1796457E-08
      0.0000      0.0000     11.1854    0.1006999E-08
      0.0000      0.0000     11.7741    0.9734058E-09
      0.0000      0.0000     12.3628    0.7671967E-09
      0.0000      0.0000     12.9515    0.7119264E-09
      0.0000      0.0000     13.5402    0.6258879E-09
      0.0000      0.0000     14.1289    0.5786429E-09
      0.0000      0.0000     14.7176    0.5317011E-09
      0.0000      0.0000     15.3063    0.4986875E-09
      0.0000      0.0000     15.8950    0.4708001E-09
      0.0000      0.0000     16.4837    0.4501313E-09
      0.0000      0.0000     17.0724    0.4344349E-09
      0.0000      0.0000     17.6611    0.4237145E-09
      0.0000      0.0000     18.2499    0.4173852E-09
      0.0000      0.0000     18.8386    0.4151179E-09
    -18.2499      0.0000      0.0000    0.7586560E-10
    -17.6611      0.0000      0.0000    0.7872978E-10
    -17.0724      0.0000      0.0000    0.8255222E-10
    -16.4837      0.0000      0.0000    0.8737617E-10
    -15.8950      0.0000      0.0000    0.9353575E-10
    -15.3063      0.0000      0.0000    0.1010118E-09
    -14.7176      0.0000      0.0000    0.1106716E-09
    -14.1289      0.0000      0.0000    0.1219463E-09
    -13.5402      0.0000      0.0000    0.1374358E-09
    -12.9515      0.0000      0.0000    0.1542437E-09
    -12.3628      0.0000      0.0000    0.1808718E-09
    -11.7741      0.0000      0.0000    0.2065492E-09
