      0.0000      0.0000    -18.2499    0.4212927E-09
      0.0000      0.0000    -17.6611    0.4276761E-09
      0.0000      0.0000    -17.0724    0.4384958E-09
      0.0000      0.0000    -16.4837    0.4543240E-09
      0.0000      0.0000    -15.8950    0.4751881E-09
      0.0000      0.0000    -15.3063    0.5032981E-09
      0.0000      0.0000    -14.7176    0.5366464E-09
      0.0000      0.0000    -14.1289    0.5839247E-09
      0.0000      0.0000    -13.5402    0.6317735E-09
      0.0000      0.0000    -12.9515    0.7183423E-09
      0.0000      0.0000    -12.3628    0.7751134E-09
      0.0000      0.0000    -11.7741    0.9828617E-09
      0.0000      0.0000    -11.1854    0.1023446E-08
      0.0000      0.0000    -10.5967    0.1824878E-08
      0.0000      0.0000    -10.0080    0.2063167E-08
      0.0000      0.0000     -9.4193    0.7111674E-08
      0.0000      0.0000     -8.8306    0.1309875E-07
      0.0000      0.0000     -8.2419    0.5701618E-07
      0.0000      0.0000     -7.6532    0.1506733E-06
      0.0000      0.0000     -7.0645    0.6037649E-06
      0.0000      0.0000     -6.4758    0.1852072E-05
      0.0000      0.0000     -5.8871    0.6967158E-05
      0.0000      0.0000     -5.2983    0.2289208E-04
      0.0000      0.0000     -4.7096    0.8435511E-04
      0.0000      0.0000     -4.1209    0.2908211E-03
      0.0000      0.0000     -3.5322    0.1090998E-02
      0.0000      0.0000     -2.9435    0.4023262E-02
      0.0000      0.0000     -2.3548    0.1630718E-01
      0.0000      0.0000     -1.7661    0.6829528E-01
      0.0000      0.0000     -1.1774    0.2827250E+00
      0.0000      0.0000     -0.5887    0.5329187E+00
      0.0000      0.0000      0.0000    0.2353478E+00
      0.0000      0.0000      0.5887    0.5329187E+00
      0.0000      0.0000      1.1774    0.2827250E+00
      0.0000      0.0000      1.7661    0.6829528E-01
      0.0000      0.0000      2.3548    0.1630718E-01
      0.0000      0.0000      2.9435    0.4023262E-02
      0.0000      0.0000      3.5322    0.1090998E-02
      0.0000      0.0000      4.1209    0.2908211E-03
      0.0000      0.0000      4.7096    0.8435512E-04
      0.0000      0.0000      5.2983    0.2289208E-04
      0.0000      0.0000      5.8871    0.6967158E-05
      0.0000      0.0000      6.4758    0.1852072E-05
      0.0000      0.0000      7.0645    0.6037649E-06
      0.0000      0.0000      7.6532    0.1506733E-06
      0.0000      0.0000      8.2419    0.5701618E-07
      0.0000      0.0000      8.8306    0.1309875E-07
      0.0000      0.0000      9.4193    0.7111674E-08
      0.0000      0.0000     10.0080    0.2063167E-08
      0.0000      0.0000     10.5967    0.1824878E-08
      0.0000      0.0000     11.1854    0.1023446E-08
      0.0000      0.0000     11.7741    0.9828617E-09
      0.0000      0.0000     12.3628    0.7751134E-09
      0.0000      0.0000     12.9515    0.7183423E-09
      0.0000      0.0000     13.5402    0.6317735E-09
      0.0000      0.0000     14.1289    0.5839247E-09
      0.0000      0.0000     14.7176    0.5366464E-09
      0.0000      0.0000     15.3063    0.5032981E-09
      0.0000      0.0000     15.8950    0.4751881E-09
      0.0000      0.0000     16.4837    0.4543240E-09
      0.0000      0.0000     17.0724    0.4384958E-09
      0.0000      0.0000     17.6611    0.4276761E-09
      0.0000      0.0000     18.2499    0.4212927E-09
      0.0000      0.0000     18.8386    0.4190031E-09
    -18.2499      0.0000      0.0000    0.6609086E-10
    -17.6611      0.0000      0.0000    0.6866567E-10
    -17.0724      0.0000      0.0000    0.7205045E-10
    -16.4837      0.0000      0.0000    0.7632718E-10
    -15.8950      0.0000      0.0000    0.8176770E-10
    -15.3063      0.0000      0.0000    0.8838499E-10
    -14.7176      0.0000      0.0000    0.9689953E-10
    -14.1289      0.0000      0.0000    0.1068921E-09
    -13.5402      0.0000      0.0000    0.1205150E-09
    -12.9515      0.0000      0.0000    0.1354665E-09
    -12.3628      0.0000      0.0000    0.1587731E-09
    -11.7741      0.0000      0.0000    0.1817342E-09
