      0.0000      0.0000    -18.2499    0.4173599E-09
      0.0000      0.0000    -17.6611    0.4236867E-09
      0.0000      0.0000    -17.0724    0.4344072E-09
      0.0000      0.0000    -16.4837    0.4500973E-09
      0.0000      0.0000    -15.8950    0.4707669E-09
      0.0000      0.0000    -15.3063    0.4986424E-09
      0.0000      0.0000    -14.7176    0.5316606E-09
      0.0000      0.0000    -14.1289    0.5785905E-09
      0.0000      0.0000    -13.5402    0.6258687E-09
      0.0000      0.0000    -12.9515    0.7119871E-09
      0.0000      0.0000    -12.3628    0.7675890E-09
      0.0000      0.0000    -11.7741    0.9749269E-09
      0.0000      0.0000    -11.1854    0.1012058E-08
      0.0000      0.0000    -10.5967    0.1813204E-08
      0.0000      0.0000    -10.0080    0.2035508E-08
      0.0000      0.0000     -9.4193    0.7076603E-08
      0.0000      0.0000     -8.8306    0.1296207E-07
      0.0000      0.0000     -8.2419    0.5676098E-07
      0.0000      0.0000     -7.6532    0.1496776E-06
      0.0000      0.0000     -7.0645    0.6015210E-06
      0.0000      0.0000     -6.4758    0.1844480E-05
      0.0000      0.0000     -5.8871    0.6949862E-05
      0.0000      0.0000     -5.2983    0.2284348E-04
      0.0000      0.0000     -4.7096    0.8426882E-04
      0.0000      0.0000     -4.1209    0.2906985E-03
      0.0000      0.0000     -3.5322    0.1091343E-02
      0.0000      0.0000     -2.9435    0.4026134E-02
      0.0000      0.0000     -2.3548    0.1632051E-01
      0.0000      0.0000     -1.7661    0.6833541E-01
      0.0000      0.0000     -1.1774    0.2828796E+00
      0.0000      0.0000     -0.5887    0.5339810E+00
      0.0000      0.0000      0.0000    0.2372412E+00
      0.0000      0.0000      0.5887    0.5339810E+00
      0.0000      0.0000      1.1774    0.2828796E+00
      0.0000      0.0000      1.7661    0.6833541E-01
      0.0000      0.0000      2.3548    0.1632051E-01
      0.0000      0.0000      2.9435    0.4026134E-02
      0.0000      0.0000      3.5322    0.1091343E-02
      0.0000      0.0000      4.1209    0.2906985E-03
      0.0000      0.0000      4.7096    0.8426882E-04
      0.0000      0.0000      5.2983    0.2284348E-04
      0.0000      0.0000      5.8871    0.6949862E-05
      0.0000      0.0000      6.4758    0.1844480E-05
      0.0000      0.0000      7.0645    0.6015210E-06
      0.0000      0.0000      7.6532    0.1496776E-06
      0.0000      0.0000      8.2419    0.5676098E-07
      0.0000      0.0000      8.8306    0.1296207E-07
      0.0000      0.0000      9.4193    0.7076603E-08
      0.0000      0.0000     10.0080    0.2035508E-08
      0.0000      0.0000     10.5967    0.1813204E-08
      0.0000      0.0000     11.1854    0.1012058E-08
      0.0000      0.0000     11.7741    0.9749269E-09
      0.0000      0.0000     12.3628    0.7675890E-09
      0.0000      0.0000     12.9515    0.7119871E-09
      0.0000      0.0000     13.5402    0.6258687E-09
      0.0000      0.0000     14.1289    0.5785905E-09
      0.0000      0.0000     14.7176    0.5316606E-09
      0.0000      0.0000     15.3063    0.4986424E-09
      0.0000      0.0000     15.8950    0.4707669E-09
      0.0000      0.0000     16.4837    0.4500973E-09
      0.0000      0.0000     17.0724    0.4344072E-09
      0.0000      0.0000     17.6611    0.4236867E-09
      0.0000      0.0000     18.2499    0.4173599E-09
      0.0000      0.0000     18.8386    0.4150921E-09
    -18.2499      0.0000      0.0000    0.7364864E-10
    -17.6611      0.0000      0.0000    0.7648172E-10
    -17.0724      0.0000      0.0000    0.8022508E-10
    -16.4837      0.0000      0.0000    0.8496732E-10
    -15.8950      0.0000      0.0000    0.9097779E-10
    -15.3063      0.0000      0.0000    0.9834291E-10
    -14.7176      0.0000      0.0000    0.1077085E-09
    -14.1289      0.0000      0.0000    0.1189209E-09
    -13.5402      0.0000      0.0000    0.1337182E-09
    -12.9515      0.0000      0.0000    0.1508735E-09
    -12.3628      0.0000      0.0000    0.1753926E-09
    -11.7741      0.0000      0.0000    0.2032654E-09
