      0.0000      0.0000    -18.2499    0.4213433E-09
      0.0000      0.0000    -17.6611    0.4277274E-09
      0.0000      0.0000    -17.0724    0.4385484E-09
      0.0000      0.0000    -16.4837    0.4543784E-09
      0.0000      0.0000    -15.8950    0.4752451E-09
      0.0000      0.0000    -15.3063    0.5033581E-09
      0.0000      0.0000    -14.7176    0.5367109E-09
      0.0000      0.0000    -14.1289    0.5839932E-09
      0.0000      0.0000    -13.5402    0.6318502E-09
      0.0000      0.0000    -12.9515    0.7184222E-09
      0.0000      0.0000    -12.3628    0.7752105E-09
      0.0000      0.0000    -11.7741    0.9829491E-09
      0.0000      0.0000    -11.1854    0.1023573E-08
      0.0000      0.0000    -10.5967    0.1824904E-08
      0.0000      0.0000    -10.0080    0.2063250E-08
      0.0000      0.0000     -9.4193    0.7111004E-08
      0.0000      0.0000     -8.8306    0.1309749E-07
      0.0000      0.0000     -8.2419    0.5700895E-07
      0.0000      0.0000     -7.6532    0.1506556E-06
      0.0000      0.0000     -7.0645    0.6036952E-06
      0.0000      0.0000     -6.4758    0.1851878E-05
      0.0000      0.0000     -5.8871    0.6966485E-05
      0.0000      0.0000     -5.2983    0.2289010E-04
      0.0000      0.0000     -4.7096    0.8434860E-04
      0.0000      0.0000     -4.1209    0.2908015E-03
      0.0000      0.0000     -3.5322    0.1090936E-02
      0.0000      0.0000     -2.9435    0.4023080E-02
      0.0000      0.0000     -2.3548    0.1630668E-01
      0.0000      0.0000     -1.7661    0.6829417E-01
      0.0000      0.0000     -1.1774    0.2827232E+00
      0.0000      0.0000     -0.5887    0.5329078E+00
      0.0000      0.0000      0.0000    0.2353213E+00
      0.0000      0.0000      0.5887    0.5329078E+00
      0.0000      0.0000      1.1774    0.2827232E+00
      0.0000      0.0000      1.7661    0.6829417E-01
      0.0000      0.0000      2.3548    0.1630668E-01
      0.0000      0.0000      2.9435    0.4023080E-02
      0.0000      0.0000      3.5322    0.1090936E-02
      0.0000      0.0000      4.1209    0.2908015E-03
      0.0000      0.0000      4.7096    0.8434860E-04
      0.0000      0.0000      5.2983    0.2289010E-04
      0.0000      0.0000      5.8871    0.6966485E-05
      0.0000      0.0000      6.4758    0.1851878E-05
      0.0000      0.0000      7.0645    0.6036952E-06
      0.0000      0.0000      7.6532    0.1506556E-06
      0.0000      0.0000      8.2419    0.5700895E-07
      0.0000      0.0000      8.8306    0.1309749E-07
      0.0000      0.0000      9.4193    0.7111004E-08
      0.0000      0.0000     10.0080    0.2063250E-08
      0.0000      0.0000     10.5967    0.1824904E-08
      0.0000      0.0000     11.1854    0.1023573E-08
      0.0000      0.0000     11.7741    0.9829491E-09
      0.0000      0.0000     12.3628    0.7752105E-09
      0.0000      0.0000     12.9515    0.7184222E-09
      0.0000      0.0000     13.5402    0.6318502E-09
      0.0000      0.0000     14.1289    0.5839932E-09
      0.0000      0.0000     14.7176    0.5367109E-09
      0.0000      0.0000     15.3063    0.5033581E-09
      0.0000      0.0000     15.8950    0.4752451E-09
      0.0000      0.0000     16.4837    0.4543784E-09
      0.0000      0.0000     17.0724    0.4385484E-09
      0.0000      0.0000     17.6611    0.4277274E-09
      0.0000      0.0000     18.2499    0.4213433E-09
      0.0000      0.0000     18.8386    0.4190534E-09
    -18.2499      0.0000      0.0000    0.6600725E-10
    -17.6611      0.0000      0.0000    0.6857838E-10
    -17.0724      0.0000      0.0000    0.7195837E-10
    -16.4837      0.0000      0.0000    0.7622889E-10
    -15.8950      0.0000      0.0000    0.8166219E-10
    -15.3063      0.0000      0.0000    0.8826951E-10
    -14.7176      0.0000      0.0000    0.9677388E-10
    -14.1289      0.0000      0.0000    0.1067494E-09
    -13.5402      0.0000      0.0000    0.1203604E-09
    -12.9515      0.0000      0.0000    0.1352775E-09
    -12.3628      0.0000      0.0000    0.1585821E-09
    -11.7741      0.0000      0.0000    0.1814534E-09
