      0.0000      0.0000    -18.2499    0.4169364E-09
      0.0000      0.0000    -17.6611    0.4232580E-09
      0.0000      0.0000    -17.0724    0.4339676E-09
      0.0000      0.0000    -16.4837    0.4496446E-09
      0.0000      0.0000    -15.8950    0.4702930E-09
      0.0000      0.0000    -15.3063    0.4981454E-09
      0.0000      0.0000    -14.7176    0.5311284E-09
      0.0000      0.0000    -14.1289    0.5780154E-09
      0.0000      0.0000    -13.5402    0.6252304E-09
      0.0000      0.0000    -12.9515    0.7112205E-09
      0.0000      0.0000    -12.3628    0.7666034E-09
      0.0000      0.0000    -11.7741    0.9731801E-09
      0.0000      0.0000    -11.1854    0.1008544E-08
      0.0000      0.0000    -10.5967    0.1803238E-08
      0.0000      0.0000    -10.0080    0.2007675E-08
      0.0000      0.0000     -9.4193    0.6988364E-08
      0.0000      0.0000     -8.8306    0.1269471E-07
      0.0000      0.0000     -8.2419    0.5592099E-07
      0.0000      0.0000     -7.6532    0.1471104E-06
      0.0000      0.0000     -7.0645    0.5936454E-06
      0.0000      0.0000     -6.4758    0.1820764E-05
      0.0000      0.0000     -5.8871    0.6879416E-05
      0.0000      0.0000     -5.2983    0.2263862E-04
      0.0000      0.0000     -4.7096    0.8369280E-04
      0.0000      0.0000     -4.1209    0.2891444E-03
      0.0000      0.0000     -3.5322    0.1087477E-02
      0.0000      0.0000     -2.9435    0.4017659E-02
      0.0000      0.0000     -2.3548    0.1630775E-01
      0.0000      0.0000     -1.7661    0.6834487E-01
      0.0000      0.0000     -1.1774    0.2830894E+00
      0.0000      0.0000     -0.5887    0.5346216E+00
      0.0000      0.0000      0.0000    0.2377137E+00
      0.0000      0.0000      0.5887    0.5346216E+00
      0.0000      0.0000      1.1774    0.2830894E+00
      0.0000      0.0000      1.7661    0.6834487E-01
      0.0000      0.0000      2.3548    0.1630775E-01
      0.0000      0.0000      2.9435    0.4017659E-02
      0.0000      0.0000      3.5322    0.1087477E-02
      0.0000      0.0000      4.1209    0.2891444E-03
      0.0000      0.0000      4.7096    0.8369280E-04
      0.0000      0.0000      5.2983    0.2263862E-04
      0.0000      0.0000      5.8871    0.6879416E-05
      0.0000      0.0000      6.4758    0.1820764E-05
      0.0000      0.0000      7.0645    0.5936454E-06
      0.0000      0.0000      7.6532    0.1471104E-06
      0.0000      0.0000      8.2419    0.5592099E-07
      0.0000      0.0000      8.8306    0.1269471E-07
      0.0000      0.0000      9.4193    0.6988364E-08
      0.0000      0.0000     10.0080    0.2007675E-08
      0.0000      0.0000     10.5967    0.1803238E-08
      0.0000      0.0000     11.1854    0.1008544E-08
      0.0000      0.0000     11.7741    0.9731801E-09
      0.0000      0.0000     12.3628    0.7666034E-09
      0.0000      0.0000     12.9515    0.7112205E-09
      0.0000      0.0000     13.5402    0.6252304E-09
      0.0000      0.0000     14.1289    0.5780154E-09
      0.0000      0.0000     14.7176    0.5311284E-09
      0.0000      0.0000     15.3063    0.4981454E-09
      0.0000      0.0000     15.8950    0.4702930E-09
      0.0000      0.0000     16.4837    0.4496446E-09
      0.0000      0.0000     17.0724    0.4339676E-09
      0.0000      0.0000     17.6611    0.4232580E-09
      0.0000      0.0000     18.2499    0.4169364E-09
      0.0000      0.0000     18.8386    0.4146712E-09
    -18.2499      0.0000      0.0000    0.7624057E-10
    -17.6611      0.0000      0.0000    0.7913796E-10
    -17.0724      0.0000      0.0000    0.8298516E-10
    -16.4837      0.0000      0.0000    0.8785642E-10
    -15.8950      0.0000      0.0000    0.9404324E-10
    -15.3063      0.0000      0.0000    0.1016105E-09
    -14.7176      0.0000      0.0000    0.1112662E-09
    -14.1289      0.0000      0.0000    0.1227665E-09
    -13.5402      0.0000      0.0000    0.1380664E-09
    -12.9515      0.0000      0.0000    0.1555753E-09
    -12.3628      0.0000      0.0000    0.1811148E-09
    -11.7741      0.0000      0.0000    0.2092670E-09
