      0.0000      0.0000    -18.2499    0.4202503E-09
      0.0000      0.0000    -17.6611    0.4266185E-09
      0.0000      0.0000    -17.0724    0.4374118E-09
      0.0000      0.0000    -16.4837    0.4532031E-09
      0.0000      0.0000    -15.8950    0.4740152E-09
      0.0000      0.0000    -15.3063    0.5020627E-09
      0.0000      0.0000    -14.7176    0.5353222E-09
      0.0000      0.0000    -14.1289    0.5825099E-09
      0.0000      0.0000    -13.5402    0.6302044E-09
      0.0000      0.0000    -12.9515    0.7166712E-09
      0.0000      0.0000    -12.3628    0.7731390E-09
      0.0000      0.0000    -11.7741    0.9809164E-09
      0.0000      0.0000    -11.1854    0.1020802E-08
      0.0000      0.0000    -10.5967    0.1823317E-08
      0.0000      0.0000    -10.0080    0.2060119E-08
      0.0000      0.0000     -9.4193    0.7117130E-08
      0.0000      0.0000     -8.8306    0.1310645E-07
      0.0000      0.0000     -8.2419    0.5708972E-07
      0.0000      0.0000     -7.6532    0.1508367E-06
      0.0000      0.0000     -7.0645    0.6044909E-06
      0.0000      0.0000     -6.4758    0.1854018E-05
      0.0000      0.0000     -5.8871    0.6974371E-05
      0.0000      0.0000     -5.2983    0.2291346E-04
      0.0000      0.0000     -4.7096    0.8442905E-04
      0.0000      0.0000     -4.1209    0.2910519E-03
      0.0000      0.0000     -3.5322    0.1091762E-02
      0.0000      0.0000     -2.9435    0.4025612E-02
      0.0000      0.0000     -2.3548    0.1631390E-01
      0.0000      0.0000     -1.7661    0.6831006E-01
      0.0000      0.0000     -1.1774    0.2827501E+00
      0.0000      0.0000     -0.5887    0.5331176E+00
      0.0000      0.0000      0.0000    0.2358134E+00
      0.0000      0.0000      0.5887    0.5331176E+00
      0.0000      0.0000      1.1774    0.2827501E+00
      0.0000      0.0000      1.7661    0.6831006E-01
      0.0000      0.0000      2.3548    0.1631390E-01
      0.0000      0.0000      2.9435    0.4025612E-02
      0.0000      0.0000      3.5322    0.1091762E-02
      0.0000      0.0000      4.1209    0.2910519E-03
      0.0000      0.0000      4.7096    0.8442905E-04
      0.0000      0.0000      5.2983    0.2291346E-04
      0.0000      0.0000      5.8871    0.6974371E-05
      0.0000      0.0000      6.4758    0.1854018E-05
      0.0000      0.0000      7.0645    0.6044909E-06
      0.0000      0.0000      7.6532    0.1508367E-06
      0.0000      0.0000      8.2419    0.5708972E-07
      0.0000      0.0000      8.8306    0.1310645E-07
      0.0000      0.0000      9.4193    0.7117130E-08
      0.0000      0.0000     10.0080    0.2060119E-08
      0.0000      0.0000     10.5967    0.1823317E-08
      0.0000      0.0000     11.1854    0.1020802E-08
      0.0000      0.0000     11.7741    0.9809164E-09
      0.0000      0.0000     12.3628    0.7731390E-09
      0.0000      0.0000     12.9515    0.7166712E-09
      0.0000      0.0000     13.5402    0.6302044E-09
      0.0000      0.0000     14.1289    0.5825099E-09
      0.0000      0.0000     14.7176    0.5353222E-09
      0.0000      0.0000     15.3063    0.5020627E-09
      0.0000      0.0000     15.8950    0.4740152E-09
      0.0000      0.0000     16.4837    0.4532031E-09
      0.0000      0.0000     17.0724    0.4374118E-09
      0.0000      0.0000     17.6611    0.4266185E-09
      0.0000      0.0000     18.2499    0.4202503E-09
      0.0000      0.0000     18.8386    0.4179665E-09
    -18.2499      0.0000      0.0000    0.6746972E-10
    -17.6611      0.0000      0.0000    0.7010109E-10
    -17.0724      0.0000      0.0000    0.7356063E-10
    -16.4837      0.0000      0.0000    0.7793438E-10
    -15.8950      0.0000      0.0000    0.8348941E-10
    -15.3063      0.0000      0.0000    0.9026217E-10
    -14.7176      0.0000      0.0000    0.9894102E-10
    -14.1289      0.0000      0.0000    0.1091957E-09
    -13.5402      0.0000      0.0000    0.1230226E-09
    -12.9515      0.0000      0.0000    0.1384867E-09
    -12.3628      0.0000      0.0000    0.1618930E-09
    -11.7741      0.0000      0.0000    0.1861355E-09
