      0.0000      0.0000    -18.2499    0.4173826E-09
      0.0000      0.0000    -17.6611    0.4237101E-09
      0.0000      0.0000    -17.0724    0.4344310E-09
      0.0000      0.0000    -16.4837    0.4501226E-09
      0.0000      0.0000    -15.8950    0.4707930E-09
      0.0000      0.0000    -15.3063    0.4986709E-09
      0.0000      0.0000    -14.7176    0.5316903E-09
      0.0000      0.0000    -14.1289    0.5786214E-09
      0.0000      0.0000    -13.5402    0.6258988E-09
      0.0000      0.0000    -12.9515    0.7119953E-09
      0.0000      0.0000    -12.3628    0.7675538E-09
      0.0000      0.0000    -11.7741    0.9746478E-09
      0.0000      0.0000    -11.1854    0.1011212E-08
      0.0000      0.0000    -10.5967    0.1810039E-08
      0.0000      0.0000    -10.0080    0.2026168E-08
      0.0000      0.0000     -9.4193    0.7045383E-08
      0.0000      0.0000     -8.8306    0.1286849E-07
      0.0000      0.0000     -8.2419    0.5646226E-07
      0.0000      0.0000     -7.6532    0.1487800E-06
      0.0000      0.0000     -7.0645    0.5987455E-06
      0.0000      0.0000     -6.4758    0.1836237E-05
      0.0000      0.0000     -5.8871    0.6925216E-05
      0.0000      0.0000     -5.2983    0.2277235E-04
      0.0000      0.0000     -4.7096    0.8406646E-04
      0.0000      0.0000     -4.1209    0.2901493E-03
      0.0000      0.0000     -3.5322    0.1089931E-02
      0.0000      0.0000     -2.9435    0.4022872E-02
      0.0000      0.0000     -2.3548    0.1631456E-01
      0.0000      0.0000     -1.7661    0.6833291E-01
      0.0000      0.0000     -1.1774    0.2829311E+00
      0.0000      0.0000     -0.5887    0.5341173E+00
      0.0000      0.0000      0.0000    0.2372710E+00
      0.0000      0.0000      0.5887    0.5341173E+00
      0.0000      0.0000      1.1774    0.2829311E+00
      0.0000      0.0000      1.7661    0.6833291E-01
      0.0000      0.0000      2.3548    0.1631456E-01
      0.0000      0.0000      2.9435    0.4022872E-02
      0.0000      0.0000      3.5322    0.1089931E-02
      0.0000      0.0000      4.1209    0.2901493E-03
      0.0000      0.0000      4.7096    0.8406646E-04
      0.0000      0.0000      5.2983    0.2277235E-04
      0.0000      0.0000      5.8871    0.6925216E-05
      0.0000      0.0000      6.4758    0.1836237E-05
      0.0000      0.0000      7.0645    0.5987455E-06
      0.0000      0.0000      7.6532    0.1487800E-06
      0.0000      0.0000      8.2419    0.5646226E-07
      0.0000      0.0000      8.8306    0.1286849E-07
      0.0000      0.0000      9.4193    0.7045383E-08
      0.0000      0.0000     10.0080    0.2026168E-08
      0.0000      0.0000     10.5967    0.1810039E-08
      0.0000      0.0000     11.1854    0.1011212E-08
      0.0000      0.0000     11.7741    0.9746478E-09
      0.0000      0.0000     12.3628    0.7675538E-09
      0.0000      0.0000     12.9515    0.7119953E-09
      0.0000      0.0000     13.5402    0.6258988E-09
      0.0000      0.0000     14.1289    0.5786214E-09
      0.0000      0.0000     14.7176    0.5316903E-09
      0.0000      0.0000     15.3063    0.4986709E-09
      0.0000      0.0000     15.8950    0.4707930E-09
      0.0000      0.0000     16.4837    0.4501226E-09
      0.0000      0.0000     17.0724    0.4344310E-09
      0.0000      0.0000     17.6611    0.4237101E-09
      0.0000      0.0000     18.2499    0.4173826E-09
      0.0000      0.0000     18.8386    0.4151148E-09
    -18.2499      0.0000      0.0000    0.7513455E-10
    -17.6611      0.0000      0.0000    0.7800620E-10
    -17.0724      0.0000      0.0000    0.8180850E-10
    -16.4837      0.0000      0.0000    0.8662662E-10
    -15.8950      0.0000      0.0000    0.9273587E-10
    -15.3063      0.0000      0.0000    0.1002228E-09
    -14.7176      0.0000      0.0000    0.1097444E-09
    -14.1289      0.0000      0.0000    0.1211438E-09
    -13.5402      0.0000      0.0000    0.1361855E-09
    -12.9515      0.0000      0.0000    0.1536299E-09
    -12.3628      0.0000      0.0000    0.1785447E-09
    -11.7741      0.0000      0.0000    0.2069139E-09
