      0.0000      0.0000    -18.2499    0.4169865E-09
      0.0000      0.0000    -17.6611    0.4233091E-09
      0.0000      0.0000    -17.0724    0.4340198E-09
      0.0000      0.0000    -16.4837    0.4496993E-09
      0.0000      0.0000    -15.8950    0.4703498E-09
      0.0000      0.0000    -15.3063    0.4982067E-09
      0.0000      0.0000    -14.7176    0.5311926E-09
      0.0000      0.0000    -14.1289    0.5780859E-09
      0.0000      0.0000    -13.5402    0.6253020E-09
      0.0000      0.0000    -12.9515    0.7112901E-09
      0.0000      0.0000    -12.3628    0.7666386E-09
      0.0000      0.0000    -11.7741    0.9730878E-09
      0.0000      0.0000    -11.1854    0.1008018E-08
      0.0000      0.0000    -10.5967    0.1801272E-08
      0.0000      0.0000    -10.0080    0.2001123E-08
      0.0000      0.0000     -9.4193    0.6967313E-08
      0.0000      0.0000     -8.8306    0.1262764E-07
      0.0000      0.0000     -8.2419    0.5571255E-07
      0.0000      0.0000     -7.6532    0.1464579E-06
      0.0000      0.0000     -7.0645    0.5916617E-06
      0.0000      0.0000     -6.4758    0.1814699E-05
      0.0000      0.0000     -5.8871    0.6861547E-05
      0.0000      0.0000     -5.2983    0.2258624E-04
      0.0000      0.0000     -4.7096    0.8354751E-04
      0.0000      0.0000     -4.1209    0.2887553E-03
      0.0000      0.0000     -3.5322    0.1086553E-02
      0.0000      0.0000     -2.9435    0.4015816E-02
      0.0000      0.0000     -2.3548    0.1630625E-01
      0.0000      0.0000     -1.7661    0.6835514E-01
      0.0000      0.0000     -1.1774    0.2831735E+00
      0.0000      0.0000     -0.5887    0.5348649E+00
      0.0000      0.0000      0.0000    0.2379347E+00
      0.0000      0.0000      0.5887    0.5348649E+00
      0.0000      0.0000      1.1774    0.2831735E+00
      0.0000      0.0000      1.7661    0.6835514E-01
      0.0000      0.0000      2.3548    0.1630625E-01
      0.0000      0.0000      2.9435    0.4015816E-02
      0.0000      0.0000      3.5322    0.1086553E-02
      0.0000      0.0000      4.1209    0.2887553E-03
      0.0000      0.0000      4.7096    0.8354751E-04
      0.0000      0.0000      5.2983    0.2258624E-04
      0.0000      0.0000      5.8871    0.6861547E-05
      0.0000      0.0000      6.4758    0.1814699E-05
      0.0000      0.0000      7.0645    0.5916617E-06
      0.0000      0.0000      7.6532    0.1464579E-06
      0.0000      0.0000      8.2419    0.5571255E-07
      0.0000      0.0000      8.8306    0.1262764E-07
      0.0000      0.0000      9.4193    0.6967313E-08
      0.0000      0.0000     10.0080    0.2001123E-08
      0.0000      0.0000     10.5967    0.1801272E-08
      0.0000      0.0000     11.1854    0.1008018E-08
      0.0000      0.0000     11.7741    0.9730878E-09
      0.0000      0.0000     12.3628    0.7666386E-09
      0.0000      0.0000     12.9515    0.7112901E-09
      0.0000      0.0000     13.5402    0.6253020E-09
      0.0000      0.0000     14.1289    0.5780859E-09
      0.0000      0.0000     14.7176    0.5311926E-09
      0.0000      0.0000     15.3063    0.4982067E-09
      0.0000      0.0000     15.8950    0.4703498E-09
      0.0000      0.0000     16.4837    0.4496993E-09
      0.0000      0.0000     17.0724    0.4340198E-09
      0.0000      0.0000     17.6611    0.4233091E-09
      0.0000      0.0000     18.2499    0.4169865E-09
      0.0000      0.0000     18.8386    0.4147211E-09
    -18.2499      0.0000      0.0000    0.7629333E-10
    -17.6611      0.0000      0.0000    0.7918904E-10
    -17.0724      0.0000      0.0000    0.8303792E-10
    -16.4837      0.0000      0.0000    0.8790827E-10
    -15.8950      0.0000      0.0000    0.9409976E-10
    -15.3063      0.0000      0.0000    0.1016625E-09
    -14.7176      0.0000      0.0000    0.1113334E-09
    -14.1289      0.0000      0.0000    0.1228116E-09
    -13.5402      0.0000      0.0000    0.1381672E-09
    -12.9515      0.0000      0.0000    0.1555811E-09
    -12.3628      0.0000      0.0000    0.1813478E-09
    -11.7741      0.0000      0.0000    0.2091260E-09
