      0.0000      0.0000    -18.2499    0.4184034E-09
      0.0000      0.0000    -17.6611    0.4247451E-09
      0.0000      0.0000    -17.0724    0.4354918E-09
      0.0000      0.0000    -16.4837    0.4512184E-09
      0.0000      0.0000    -15.8950    0.4719389E-09
      0.0000      0.0000    -15.3063    0.4998775E-09
      0.0000      0.0000    -14.7176    0.5329802E-09
      0.0000      0.0000    -14.1289    0.5800095E-09
      0.0000      0.0000    -13.5402    0.6274281E-09
      0.0000      0.0000    -12.9515    0.7137090E-09
      0.0000      0.0000    -12.3628    0.7696002E-09
      0.0000      0.0000    -11.7741    0.9773239E-09
      0.0000      0.0000    -11.1854    0.1015552E-08
      0.0000      0.0000    -10.5967    0.1818820E-08
      0.0000      0.0000    -10.0080    0.2048837E-08
      0.0000      0.0000     -9.4193    0.7109038E-08
      0.0000      0.0000     -8.8306    0.1306244E-07
      0.0000      0.0000     -8.2419    0.5704654E-07
      0.0000      0.0000     -7.6532    0.1505806E-06
      0.0000      0.0000     -7.0645    0.6041540E-06
      0.0000      0.0000     -6.4758    0.1852531E-05
      0.0000      0.0000     -5.8871    0.6972863E-05
      0.0000      0.0000     -5.2983    0.2290993E-04
      0.0000      0.0000     -4.7096    0.8444701E-04
      0.0000      0.0000     -4.1209    0.2911608E-03
      0.0000      0.0000     -3.5322    0.1092398E-02
      0.0000      0.0000     -2.9435    0.4028201E-02
      0.0000      0.0000     -2.3548    0.1632300E-01
      0.0000      0.0000     -1.7661    0.6833196E-01
      0.0000      0.0000     -1.1774    0.2828117E+00
      0.0000      0.0000     -0.5887    0.5336200E+00
      0.0000      0.0000      0.0000    0.2367780E+00
      0.0000      0.0000      0.5887    0.5336200E+00
      0.0000      0.0000      1.1774    0.2828117E+00
      0.0000      0.0000      1.7661    0.6833196E-01
      0.0000      0.0000      2.3548    0.1632300E-01
      0.0000      0.0000      2.9435    0.4028201E-02
      0.0000      0.0000      3.5322    0.1092398E-02
      0.0000      0.0000      4.1209    0.2911608E-03
      0.0000      0.0000      4.7096    0.8444701E-04
      0.0000      0.0000      5.2983    0.2290993E-04
      0.0000      0.0000      5.8871    0.6972863E-05
      0.0000      0.0000      6.4758    0.1852531E-05
      0.0000      0.0000      7.0645    0.6041540E-06
      0.0000      0.0000      7.6532    0.1505806E-06
      0.0000      0.0000      8.2419    0.5704654E-07
      0.0000      0.0000      8.8306    0.1306244E-07
      0.0000      0.0000      9.4193    0.7109038E-08
      0.0000      0.0000     10.0080    0.2048837E-08
      0.0000      0.0000     10.5967    0.1818820E-08
      0.0000      0.0000     11.1854    0.1015552E-08
      0.0000      0.0000     11.7741    0.9773239E-09
      0.0000      0.0000     12.3628    0.7696002E-09
      0.0000      0.0000     12.9515    0.7137090E-09
      0.0000      0.0000     13.5402    0.6274281E-09
      0.0000      0.0000     14.1289    0.5800095E-09
      0.0000      0.0000     14.7176    0.5329802E-09
      0.0000      0.0000     15.3063    0.4998775E-09
      0.0000      0.0000     15.8950    0.4719389E-09
      0.0000      0.0000     16.4837    0.4512184E-09
      0.0000      0.0000     17.0724    0.4354918E-09
      0.0000      0.0000     17.6611    0.4247451E-09
      0.0000      0.0000     18.2499    0.4184034E-09
      0.0000      0.0000     18.8386    0.4161299E-09
    -18.2499      0.0000      0.0000    0.7146478E-10
    -17.6611      0.0000      0.0000    0.7423266E-10
    -17.0724      0.0000      0.0000    0.7788104E-10
    -16.4837      0.0000      0.0000    0.8250057E-10
    -15.8950      0.0000      0.0000    0.8835573E-10
    -15.3063      0.0000      0.0000    0.9552389E-10
    -14.7176      0.0000      0.0000    0.1046498E-09
    -14.1289      0.0000      0.0000    0.1155515E-09
    -13.5402      0.0000      0.0000    0.1299901E-09
    -12.9515      0.0000      0.0000    0.1466314E-09
    -12.3628      0.0000      0.0000    0.1706434E-09
    -11.7741      0.0000      0.0000    0.1975355E-09
