      0.0000      0.0000    -18.2499    0.4201152E-09
      0.0000      0.0000    -17.6611    0.4264814E-09
      0.0000      0.0000    -17.0724    0.4372713E-09
      0.0000      0.0000    -16.4837    0.4530578E-09
      0.0000      0.0000    -15.8950    0.4738632E-09
      0.0000      0.0000    -15.3063    0.5019027E-09
      0.0000      0.0000    -14.7176    0.5351506E-09
      0.0000      0.0000    -14.1289    0.5823267E-09
      0.0000      0.0000    -13.5402    0.6300009E-09
      0.0000      0.0000    -12.9515    0.7164551E-09
      0.0000      0.0000    -12.3628    0.7728819E-09
      0.0000      0.0000    -11.7741    0.9806645E-09
      0.0000      0.0000    -11.1854    0.1020449E-08
      0.0000      0.0000    -10.5967    0.1823103E-08
      0.0000      0.0000    -10.0080    0.2059644E-08
      0.0000      0.0000     -9.4193    0.7117677E-08
      0.0000      0.0000     -8.8306    0.1310677E-07
      0.0000      0.0000     -8.2419    0.5709757E-07
      0.0000      0.0000     -7.6532    0.1508520E-06
      0.0000      0.0000     -7.0645    0.6045693E-06
      0.0000      0.0000     -6.4758    0.1854221E-05
      0.0000      0.0000     -5.8871    0.6975176E-05
      0.0000      0.0000     -5.2983    0.2291586E-04
      0.0000      0.0000     -4.7096    0.8443774E-04
      0.0000      0.0000     -4.1209    0.2910796E-03
      0.0000      0.0000     -3.5322    0.1091857E-02
      0.0000      0.0000     -2.9435    0.4025911E-02
      0.0000      0.0000     -2.3548    0.1631477E-01
      0.0000      0.0000     -1.7661    0.6831195E-01
      0.0000      0.0000     -1.1774    0.2827535E+00
      0.0000      0.0000     -0.5887    0.5331459E+00
      0.0000      0.0000      0.0000    0.2358777E+00
      0.0000      0.0000      0.5887    0.5331459E+00
      0.0000      0.0000      1.1774    0.2827535E+00
      0.0000      0.0000      1.7661    0.6831195E-01
      0.0000      0.0000      2.3548    0.1631477E-01
      0.0000      0.0000      2.9435    0.4025911E-02
      0.0000      0.0000      3.5322    0.1091857E-02
      0.0000      0.0000      4.1209    0.2910796E-03
      0.0000      0.0000      4.7096    0.8443774E-04
      0.0000      0.0000      5.2983    0.2291586E-04
      0.0000      0.0000      5.8871    0.6975176E-05
      0.0000      0.0000      6.4758    0.1854221E-05
      0.0000      0.0000      7.0645    0.6045693E-06
      0.0000      0.0000      7.6532    0.1508520E-06
      0.0000      0.0000      8.2419    0.5709757E-07
      0.0000      0.0000      8.8306    0.1310677E-07
      0.0000      0.0000      9.4193    0.7117677E-08
      0.0000      0.0000     10.0080    0.2059644E-08
      0.0000      0.0000     10.5967    0.1823103E-08
      0.0000      0.0000     11.1854    0.1020449E-08
      0.0000      0.0000     11.7741    0.9806645E-09
      0.0000      0.0000     12.3628    0.7728819E-09
      0.0000      0.0000     12.9515    0.7164551E-09
      0.0000      0.0000     13.5402    0.6300009E-09
      0.0000      0.0000     14.1289    0.5823267E-09
      0.0000      0.0000     14.7176    0.5351506E-09
      0.0000      0.0000     15.3063    0.5019027E-09
      0.0000      0.0000     15.8950    0.4738632E-09
      0.0000      0.0000     16.4837    0.4530578E-09
      0.0000      0.0000     17.0724    0.4372713E-09
      0.0000      0.0000     17.6611    0.4264814E-09
      0.0000      0.0000     18.2499    0.4201152E-09
      0.0000      0.0000     18.8386    0.4178321E-09
    -18.2499      0.0000      0.0000    0.6772162E-10
    -17.6611      0.0000      0.0000    0.7036238E-10
    -17.0724      0.0000      0.0000    0.7383455E-10
    -16.4837      0.0000      0.0000    0.7822476E-10
    -15.8950      0.0000      0.0000    0.8379952E-10
    -15.3063      0.0000      0.0000    0.9059871E-10
    -14.7176      0.0000      0.0000    0.9930638E-10
    -14.1289      0.0000      0.0000    0.1096050E-09
    -13.5402      0.0000      0.0000    0.1234694E-09
    -12.9515      0.0000      0.0000    0.1390167E-09
    -12.3628      0.0000      0.0000    0.1624507E-09
    -11.7741      0.0000      0.0000    0.1868924E-09
