      0.0000      0.0000    -18.2499    0.4206210E-09
      0.0000      0.0000    -17.6611    0.4269946E-09
      0.0000      0.0000    -17.0724    0.4377973E-09
      0.0000      0.0000    -16.4837    0.4536017E-09
      0.0000      0.0000    -15.8950    0.4744323E-09
      0.0000      0.0000    -15.3063    0.5025020E-09
      0.0000      0.0000    -14.7176    0.5357932E-09
      0.0000      0.0000    -14.1289    0.5830128E-09
      0.0000      0.0000    -13.5402    0.6307628E-09
      0.0000      0.0000    -12.9515    0.7172647E-09
      0.0000      0.0000    -12.3628    0.7738433E-09
      0.0000      0.0000    -11.7741    0.9816064E-09
      0.0000      0.0000    -11.1854    0.1021755E-08
      0.0000      0.0000    -10.5967    0.1823876E-08
      0.0000      0.0000    -10.0080    0.2061289E-08
      0.0000      0.0000     -9.4193    0.7115305E-08
      0.0000      0.0000     -8.8306    0.1310435E-07
      0.0000      0.0000     -8.2419    0.5706487E-07
      0.0000      0.0000     -7.6532    0.1507835E-06
      0.0000      0.0000     -7.0645    0.6042443E-06
      0.0000      0.0000     -6.4758    0.1853362E-05
      0.0000      0.0000     -5.8871    0.6971893E-05
      0.0000      0.0000     -5.2983    0.2290609E-04
      0.0000      0.0000     -4.7096    0.8440328E-04
      0.0000      0.0000     -4.1209    0.2909709E-03
      0.0000      0.0000     -3.5322    0.1091492E-02
      0.0000      0.0000     -2.9435    0.4024776E-02
      0.0000      0.0000     -2.3548    0.1631151E-01
      0.0000      0.0000     -1.7661    0.6830489E-01
      0.0000      0.0000     -1.1774    0.2827414E+00
      0.0000      0.0000     -0.5887    0.5330440E+00
      0.0000      0.0000      0.0000    0.2356414E+00
      0.0000      0.0000      0.5887    0.5330440E+00
      0.0000      0.0000      1.1774    0.2827414E+00
      0.0000      0.0000      1.7661    0.6830489E-01
      0.0000      0.0000      2.3548    0.1631151E-01
      0.0000      0.0000      2.9435    0.4024776E-02
      0.0000      0.0000      3.5322    0.1091492E-02
      0.0000      0.0000      4.1209    0.2909709E-03
      0.0000      0.0000      4.7096    0.8440328E-04
      0.0000      0.0000      5.2983    0.2290609E-04
      0.0000      0.0000      5.8871    0.6971893E-05
      0.0000      0.0000      6.4758    0.1853362E-05
      0.0000      0.0000      7.0645    0.6042443E-06
      0.0000      0.0000      7.6532    0.1507835E-06
      0.0000      0.0000      8.2419    0.5706487E-07
      0.0000      0.0000      8.8306    0.1310436E-07
      0.0000      0.0000      9.4193    0.7115305E-08
      0.0000      0.0000     10.0080    0.2061289E-08
      0.0000      0.0000     10.5967    0.1823876E-08
      0.0000      0.0000     11.1854    0.1021755E-08
      0.0000      0.0000     11.7741    0.9816064E-09
      0.0000      0.0000     12.3628    0.7738433E-09
      0.0000      0.0000     12.9515    0.7172647E-09
      0.0000      0.0000     13.5402    0.6307628E-09
      0.0000      0.0000     14.1289    0.5830128E-09
      0.0000      0.0000     14.7176    0.5357932E-09
      0.0000      0.0000     15.3063    0.5025020E-09
      0.0000      0.0000     15.8950    0.4744323E-09
      0.0000      0.0000     16.4837    0.4536017E-09
      0.0000      0.0000     17.0724    0.4377973E-09
      0.0000      0.0000     17.6611    0.4269946E-09
      0.0000      0.0000     18.2499    0.4206210E-09
      0.0000      0.0000     18.8386    0.4183352E-09
    -18.2499      0.0000      0.0000    0.6687331E-10
    -17.6611      0.0000      0.0000    0.6948158E-10
    -17.0724      0.0000      0.0000    0.7291025E-10
    -16.4837      0.0000      0.0000    0.7724385E-10
    -15.8950      0.0000      0.0000    0.8275107E-10
    -15.3063      0.0000      0.0000    0.8945939E-10
    -14.7176      0.0000      0.0000    0.9806895E-10
    -14.1289      0.0000      0.0000    0.1082157E-09
    -13.5402      0.0000      0.0000    0.1219544E-09
    -12.9515      0.0000      0.0000    0.1372112E-09
    -12.3628      0.0000      0.0000    0.1605621E-09
    -11.7741      0.0000      0.0000    0.1842985E-09
