      0.0000      0.0000    -18.2499    0.4188353E-09
      0.0000      0.0000    -17.6611    0.4251831E-09
      0.0000      0.0000    -17.0724    0.4359407E-09
      0.0000      0.0000    -16.4837    0.4516824E-09
      0.0000      0.0000    -15.8950    0.4724242E-09
      0.0000      0.0000    -15.3063    0.5003883E-09
      0.0000      0.0000    -14.7176    0.5335271E-09
      0.0000      0.0000    -14.1289    0.5805947E-09
      0.0000      0.0000    -13.5402    0.6280758E-09
      0.0000      0.0000    -12.9515    0.7144081E-09
      0.0000      0.0000    -12.3628    0.7704309E-09
      0.0000      0.0000    -11.7741    0.9782186E-09
      0.0000      0.0000    -11.1854    0.1016874E-08
      0.0000      0.0000    -10.5967    0.1820350E-08
      0.0000      0.0000    -10.0080    0.2052647E-08
      0.0000      0.0000     -9.4193    0.7115345E-08
      0.0000      0.0000     -8.8306    0.1308515E-07
      0.0000      0.0000     -8.2419    0.5709825E-07
      0.0000      0.0000     -7.6532    0.1507634E-06
      0.0000      0.0000     -7.0645    0.6046212E-06
      0.0000      0.0000     -6.4758    0.1854033E-05
      0.0000      0.0000     -5.8871    0.6976710E-05
      0.0000      0.0000     -5.2983    0.2292091E-04
      0.0000      0.0000     -4.7096    0.8447200E-04
      0.0000      0.0000     -4.1209    0.2912156E-03
      0.0000      0.0000     -3.5322    0.1092460E-02
      0.0000      0.0000     -2.9435    0.4028105E-02
      0.0000      0.0000     -2.3548    0.1632190E-01
      0.0000      0.0000     -1.7661    0.6832780E-01
      0.0000      0.0000     -1.1774    0.2827908E+00
      0.0000      0.0000     -0.5887    0.5334836E+00
      0.0000      0.0000      0.0000    0.2365568E+00
      0.0000      0.0000      0.5887    0.5334836E+00
      0.0000      0.0000      1.1774    0.2827908E+00
      0.0000      0.0000      1.7661    0.6832780E-01
      0.0000      0.0000      2.3548    0.1632190E-01
      0.0000      0.0000      2.9435    0.4028105E-02
      0.0000      0.0000      3.5322    0.1092460E-02
      0.0000      0.0000      4.1209    0.2912156E-03
      0.0000      0.0000      4.7096    0.8447200E-04
      0.0000      0.0000      5.2983    0.2292091E-04
      0.0000      0.0000      5.8871    0.6976710E-05
      0.0000      0.0000      6.4758    0.1854033E-05
      0.0000      0.0000      7.0645    0.6046212E-06
      0.0000      0.0000      7.6532    0.1507634E-06
      0.0000      0.0000      8.2419    0.5709825E-07
      0.0000      0.0000      8.8306    0.1308515E-07
      0.0000      0.0000      9.4193    0.7115345E-08
      0.0000      0.0000     10.0080    0.2052647E-08
      0.0000      0.0000     10.5967    0.1820350E-08
      0.0000      0.0000     11.1854    0.1016874E-08
      0.0000      0.0000     11.7741    0.9782186E-09
      0.0000      0.0000     12.3628    0.7704309E-09
      0.0000      0.0000     12.9515    0.7144081E-09
      0.0000      0.0000     13.5402    0.6280758E-09
      0.0000      0.0000     14.1289    0.5805947E-09
      0.0000      0.0000     14.7176    0.5335271E-09
      0.0000      0.0000     15.3063    0.5003883E-09
      0.0000      0.0000     15.8950    0.4724242E-09
      0.0000      0.0000     16.4837    0.4516824E-09
      0.0000      0.0000     17.0724    0.4359407E-09
      0.0000      0.0000     17.6611    0.4251831E-09
      0.0000      0.0000     18.2499    0.4188353E-09
      0.0000      0.0000     18.8386    0.4165593E-09
    -18.2499      0.0000      0.0000    0.7051504E-10
    -17.6611      0.0000      0.0000    0.7325262E-10
    -17.0724      0.0000      0.0000    0.7685805E-10
    -16.4837      0.0000      0.0000    0.8142178E-10
    -15.8950      0.0000      0.0000    0.8720772E-10
    -15.3063      0.0000      0.0000    0.9428609E-10
    -14.7176      0.0000      0.0000    0.1033072E-09
    -14.1289      0.0000      0.0000    0.1140642E-09
    -13.5402      0.0000      0.0000    0.1283534E-09
    -12.9515      0.0000      0.0000    0.1447413E-09
    -12.3628      0.0000      0.0000    0.1685763E-09
    -11.7741      0.0000      0.0000    0.1949333E-09
