      0.0000      0.0000    -18.2499    0.4251680E-09
      0.0000      0.0000    -17.6611    0.4316180E-09
      0.0000      0.0000    -17.0724    0.4425250E-09
      0.0000      0.0000    -16.4837    0.4585338E-09
      0.0000      0.0000    -15.8950    0.4795418E-09
      0.0000      0.0000    -15.3063    0.5080103E-09
      0.0000      0.0000    -14.7176    0.5415296E-09
      0.0000      0.0000    -14.1289    0.5894789E-09
      0.0000      0.0000    -13.5402    0.6374050E-09
      0.0000      0.0000    -12.9515    0.7251698E-09
      0.0000      0.0000    -12.3628    0.7811843E-09
      0.0000      0.0000    -11.7741    0.9900393E-09
      0.0000      0.0000    -11.1854    0.1022715E-08
      0.0000      0.0000    -10.5967    0.1811125E-08
      0.0000      0.0000    -10.0080    0.1972993E-08
      0.0000      0.0000     -9.4193    0.6825595E-08
      0.0000      0.0000     -8.8306    0.1205710E-07
      0.0000      0.0000     -8.2419    0.5380444E-07
      0.0000      0.0000     -7.6532    0.1400238E-06
      0.0000      0.0000     -7.0645    0.5711044E-06
      0.0000      0.0000     -6.4758    0.1748311E-05
      0.0000      0.0000     -5.8871    0.6654832E-05
      0.0000      0.0000     -5.2983    0.2194231E-04
      0.0000      0.0000     -4.7096    0.8162680E-04
      0.0000      0.0000     -4.1209    0.2831370E-03
      0.0000      0.0000     -3.5322    0.1071378E-02
      0.0000      0.0000     -2.9435    0.3978188E-02
      0.0000      0.0000     -2.3548    0.1623889E-01
      0.0000      0.0000     -1.7661    0.6837232E-01
      0.0000      0.0000     -1.1774    0.2844301E+00
      0.0000      0.0000     -0.5887    0.5394017E+00
      0.0000      0.0000      0.0000    0.2417736E+00
      0.0000      0.0000      0.5887    0.5394017E+00
      0.0000      0.0000      1.1774    0.2844301E+00
      0.0000      0.0000      1.7661    0.6837232E-01
      0.0000      0.0000      2.3548    0.1623889E-01
      0.0000      0.0000      2.9435    0.3978188E-02
      0.0000      0.0000      3.5322    0.1071378E-02
      0.0000      0.0000      4.1209    0.2831370E-03
      0.0000      0.0000      4.7096    0.8162680E-04
      0.0000      0.0000      5.2983    0.2194231E-04
      0.0000      0.0000      5.8871    0.6654832E-05
      0.0000      0.0000      6.4758    0.1748311E-05
      0.0000      0.0000      7.0645    0.5711044E-06
      0.0000      0.0000      7.6532    0.1400238E-06
      0.0000      0.0000      8.2419    0.5380444E-07
      0.0000      0.0000      8.8306    0.1205710E-07
      0.0000      0.0000      9.4193    0.6825596E-08
      0.0000      0.0000     10.0080    0.1972993E-08
      0.0000      0.0000     10.5967    0.1811125E-08
      0.0000      0.0000     11.1854    0.1022715E-08
      0.0000      0.0000     11.7741    0.9900394E-09
      0.0000      0.0000     12.3628    0.7811843E-09
      0.0000      0.0000     12.9515    0.7251699E-09
      0.0000      0.0000     13.5402    0.6374049E-09
      0.0000      0.0000     14.1289    0.5894790E-09
      0.0000      0.0000     14.7176    0.5415295E-09
      0.0000      0.0000     15.3063    0.5080103E-09
      0.0000      0.0000     15.8950    0.4795418E-09
      0.0000      0.0000     16.4837    0.4585339E-09
      0.0000      0.0000     17.0724    0.4425250E-09
      0.0000      0.0000     17.6611    0.4316180E-09
      0.0000      0.0000     18.2499    0.4251680E-09
      0.0000      0.0000     18.8386    0.4228578E-09
    -18.2499      0.0000      0.0000    0.7929677E-10
    -17.6611      0.0000      0.0000    0.8209040E-10
    -17.0724      0.0000      0.0000    0.8590698E-10
    -16.4837      0.0000      0.0000    0.9069640E-10
    -15.8950      0.0000      0.0000    0.9693879E-10
    -15.3063      0.0000      0.0000    0.1043370E-09
    -14.7176      0.0000      0.0000    0.1143008E-09
    -14.1289      0.0000      0.0000    0.1251871E-09
    -13.5402      0.0000      0.0000    0.1417431E-09
    -12.9515      0.0000      0.0000    0.1567980E-09
    -12.3628      0.0000      0.0000    0.1876068E-09
    -11.7741      0.0000      0.0000    0.2061296E-09
