      0.0000      0.0000    -18.2499    0.4214317E-09
      0.0000      0.0000    -17.6611    0.4278171E-09
      0.0000      0.0000    -17.0724    0.4386403E-09
      0.0000      0.0000    -16.4837    0.4544735E-09
      0.0000      0.0000    -15.8950    0.4753446E-09
      0.0000      0.0000    -15.3063    0.5034627E-09
      0.0000      0.0000    -14.7176    0.5368234E-09
      0.0000      0.0000    -14.1289    0.5841127E-09
      0.0000      0.0000    -13.5402    0.6319840E-09
      0.0000      0.0000    -12.9515    0.7185616E-09
      0.0000      0.0000    -12.3628    0.7753801E-09
      0.0000      0.0000    -11.7741    0.9831001E-09
      0.0000      0.0000    -11.1854    0.1023795E-08
      0.0000      0.0000    -10.5967    0.1824938E-08
      0.0000      0.0000    -10.0080    0.2063377E-08
      0.0000      0.0000     -9.4193    0.7109736E-08
      0.0000      0.0000     -8.8306    0.1309507E-07
      0.0000      0.0000     -8.2419    0.5699545E-07
      0.0000      0.0000     -7.6532    0.1506224E-06
      0.0000      0.0000     -7.0645    0.6035654E-06
      0.0000      0.0000     -6.4758    0.1851517E-05
      0.0000      0.0000     -5.8871    0.6965234E-05
      0.0000      0.0000     -5.2983    0.2288641E-04
      0.0000      0.0000     -4.7096    0.8433653E-04
      0.0000      0.0000     -4.1209    0.2907651E-03
      0.0000      0.0000     -3.5322    0.1090822E-02
      0.0000      0.0000     -2.9435    0.4022744E-02
      0.0000      0.0000     -2.3548    0.1630575E-01
      0.0000      0.0000     -1.7661    0.6829212E-01
      0.0000      0.0000     -1.1774    0.2827201E+00
      0.0000      0.0000     -0.5887    0.5328887E+00
      0.0000      0.0000      0.0000    0.2352746E+00
      0.0000      0.0000      0.5887    0.5328887E+00
      0.0000      0.0000      1.1774    0.2827201E+00
      0.0000      0.0000      1.7661    0.6829212E-01
      0.0000      0.0000      2.3548    0.1630575E-01
      0.0000      0.0000      2.9435    0.4022744E-02
      0.0000      0.0000      3.5322    0.1090822E-02
      0.0000      0.0000      4.1209    0.2907651E-03
      0.0000      0.0000      4.7096    0.8433653E-04
      0.0000      0.0000      5.2983    0.2288641E-04
      0.0000      0.0000      5.8871    0.6965234E-05
      0.0000      0.0000      6.4758    0.1851517E-05
      0.0000      0.0000      7.0645    0.6035655E-06
      0.0000      0.0000      7.6532    0.1506224E-06
      0.0000      0.0000      8.2419    0.5699545E-07
      0.0000      0.0000      8.8306    0.1309507E-07
      0.0000      0.0000      9.4193    0.7109736E-08
      0.0000      0.0000     10.0080    0.2063377E-08
      0.0000      0.0000     10.5967    0.1824938E-08
      0.0000      0.0000     11.1854    0.1023795E-08
      0.0000      0.0000     11.7741    0.9831001E-09
      0.0000      0.0000     12.3628    0.7753801E-09
      0.0000      0.0000     12.9515    0.7185616E-09
      0.0000      0.0000     13.5402    0.6319840E-09
      0.0000      0.0000     14.1289    0.5841127E-09
      0.0000      0.0000     14.7176    0.5368234E-09
      0.0000      0.0000     15.3063    0.5034627E-09
      0.0000      0.0000     15.8950    0.4753446E-09
      0.0000      0.0000     16.4837    0.4544735E-09
      0.0000      0.0000     17.0724    0.4386403E-09
      0.0000      0.0000     17.6611    0.4278171E-09
      0.0000      0.0000     18.2499    0.4214317E-09
      0.0000      0.0000     18.8386    0.4191413E-09
    -18.2499      0.0000      0.0000    0.6586113E-10
    -17.6611      0.0000      0.0000    0.6842571E-10
    -17.0724      0.0000      0.0000    0.7179720E-10
    -16.4837      0.0000      0.0000    0.7605669E-10
    -15.8950      0.0000      0.0000    0.8147723E-10
    -15.3063      0.0000      0.0000    0.8806690E-10
    -14.7176      0.0000      0.0000    0.9655337E-10
    -14.1289      0.0000      0.0000    0.1064986E-09
    -13.5402      0.0000      0.0000    0.1200889E-09
    -12.9515      0.0000      0.0000    0.1349444E-09
    -12.3628      0.0000      0.0000    0.1582472E-09
    -11.7741      0.0000      0.0000    0.1809564E-09
