      0.0000      0.0000    -18.2499    0.4211525E-09
      0.0000      0.0000    -17.6611    0.4275338E-09
      0.0000      0.0000    -17.0724    0.4383500E-09
      0.0000      0.0000    -16.4837    0.4541732E-09
      0.0000      0.0000    -15.8950    0.4750305E-09
      0.0000      0.0000    -15.3063    0.5031318E-09
      0.0000      0.0000    -14.7176    0.5364688E-09
      0.0000      0.0000    -14.1289    0.5837337E-09
      0.0000      0.0000    -13.5402    0.6315641E-09
      0.0000      0.0000    -12.9515    0.7181137E-09
      0.0000      0.0000    -12.3628    0.7748532E-09
      0.0000      0.0000    -11.7741    0.9825796E-09
      0.0000      0.0000    -11.1854    0.1023099E-08
      0.0000      0.0000    -10.5967    0.1824538E-08
      0.0000      0.0000    -10.0080    0.2062656E-08
      0.0000      0.0000     -9.4193    0.7111421E-08
      0.0000      0.0000     -8.8306    0.1309792E-07
      0.0000      0.0000     -8.2419    0.5701733E-07
      0.0000      0.0000     -7.6532    0.1506728E-06
      0.0000      0.0000     -7.0645    0.6037794E-06
      0.0000      0.0000     -6.4758    0.1852093E-05
      0.0000      0.0000     -5.8871    0.6967329E-05
      0.0000      0.0000     -5.2983    0.2289258E-04
      0.0000      0.0000     -4.7096    0.8435767E-04
      0.0000      0.0000     -4.1209    0.2908306E-03
      0.0000      0.0000     -3.5322    0.1091038E-02
      0.0000      0.0000     -2.9435    0.4023408E-02
      0.0000      0.0000     -2.3548    0.1630767E-01
      0.0000      0.0000     -1.7661    0.6829648E-01
      0.0000      0.0000     -1.1774    0.2827276E+00
      0.0000      0.0000     -0.5887    0.5329397E+00
      0.0000      0.0000      0.0000    0.2353921E+00
      0.0000      0.0000      0.5887    0.5329397E+00
      0.0000      0.0000      1.1774    0.2827276E+00
      0.0000      0.0000      1.7661    0.6829648E-01
      0.0000      0.0000      2.3548    0.1630767E-01
      0.0000      0.0000      2.9435    0.4023408E-02
      0.0000      0.0000      3.5322    0.1091038E-02
      0.0000      0.0000      4.1209    0.2908306E-03
      0.0000      0.0000      4.7096    0.8435767E-04
      0.0000      0.0000      5.2983    0.2289258E-04
      0.0000      0.0000      5.8871    0.6967329E-05
      0.0000      0.0000      6.4758    0.1852093E-05
      0.0000      0.0000      7.0645    0.6037794E-06
      0.0000      0.0000      7.6532    0.1506728E-06
      0.0000      0.0000      8.2419    0.5701733E-07
      0.0000      0.0000      8.8306    0.1309792E-07
      0.0000      0.0000      9.4193    0.7111421E-08
      0.0000      0.0000     10.0080    0.2062656E-08
      0.0000      0.0000     10.5967    0.1824538E-08
      0.0000      0.0000     11.1854    0.1023099E-08
      0.0000      0.0000     11.7741    0.9825796E-09
      0.0000      0.0000     12.3628    0.7748532E-09
      0.0000      0.0000     12.9515    0.7181137E-09
      0.0000      0.0000     13.5402    0.6315641E-09
      0.0000      0.0000     14.1289    0.5837337E-09
      0.0000      0.0000     14.7176    0.5364688E-09
      0.0000      0.0000     15.3063    0.5031318E-09
      0.0000      0.0000     15.8950    0.4750305E-09
      0.0000      0.0000     16.4837    0.4541732E-09
      0.0000      0.0000     17.0724    0.4383500E-09
      0.0000      0.0000     17.6611    0.4275338E-09
      0.0000      0.0000     18.2499    0.4211525E-09
      0.0000      0.0000     18.8386    0.4188637E-09
    -18.2499      0.0000      0.0000    0.6612540E-10
    -17.6611      0.0000      0.0000    0.6870245E-10
    -17.0724      0.0000      0.0000    0.7209002E-10
    -16.4837      0.0000      0.0000    0.7637028E-10
    -15.8950      0.0000      0.0000    0.8181483E-10
    -15.3063      0.0000      0.0000    0.8843763E-10
    -14.7176      0.0000      0.0000    0.9695776E-10
    -14.1289      0.0000      0.0000    0.1069598E-09
    -13.5402      0.0000      0.0000    0.1205893E-09
    -12.9515      0.0000      0.0000    0.1355600E-09
    -12.3628      0.0000      0.0000    0.1588678E-09
    -11.7741      0.0000      0.0000    0.1818790E-09
