      0.0000      0.0000    -18.2499    0.4200389E-09
      0.0000      0.0000    -17.6611    0.4264041E-09
      0.0000      0.0000    -17.0724    0.4371920E-09
      0.0000      0.0000    -16.4837    0.4529760E-09
      0.0000      0.0000    -15.8950    0.4737771E-09
      0.0000      0.0000    -15.3063    0.5018130E-09
      0.0000      0.0000    -14.7176    0.5350526E-09
      0.0000      0.0000    -14.1289    0.5822262E-09
      0.0000      0.0000    -13.5402    0.6298812E-09
      0.0000      0.0000    -12.9515    0.7163455E-09
      0.0000      0.0000    -12.3628    0.7727179E-09
      0.0000      0.0000    -11.7741    0.9805820E-09
      0.0000      0.0000    -11.1854    0.1020195E-08
      0.0000      0.0000    -10.5967    0.1823319E-08
      0.0000      0.0000    -10.0080    0.2059424E-08
      0.0000      0.0000     -9.4193    0.7120352E-08
      0.0000      0.0000     -8.8306    0.1311027E-07
      0.0000      0.0000     -8.2419    0.5712233E-07
      0.0000      0.0000     -7.6532    0.1509086E-06
      0.0000      0.0000     -7.0645    0.6048102E-06
      0.0000      0.0000     -6.4758    0.1854896E-05
      0.0000      0.0000     -5.8871    0.6977600E-05
      0.0000      0.0000     -5.2983    0.2292316E-04
      0.0000      0.0000     -4.7096    0.8446198E-04
      0.0000      0.0000     -4.1209    0.2911535E-03
      0.0000      0.0000     -3.5322    0.1092090E-02
      0.0000      0.0000     -2.9435    0.4026591E-02
      0.0000      0.0000     -2.3548    0.1631660E-01
      0.0000      0.0000     -1.7661    0.6831561E-01
      0.0000      0.0000     -1.1774    0.2827581E+00
      0.0000      0.0000     -0.5887    0.5331849E+00
      0.0000      0.0000      0.0000    0.2359756E+00
      0.0000      0.0000      0.5887    0.5331849E+00
      0.0000      0.0000      1.1774    0.2827581E+00
      0.0000      0.0000      1.7661    0.6831561E-01
      0.0000      0.0000      2.3548    0.1631660E-01
      0.0000      0.0000      2.9435    0.4026591E-02
      0.0000      0.0000      3.5322    0.1092090E-02
      0.0000      0.0000      4.1209    0.2911535E-03
      0.0000      0.0000      4.7096    0.8446198E-04
      0.0000      0.0000      5.2983    0.2292316E-04
      0.0000      0.0000      5.8871    0.6977600E-05
      0.0000      0.0000      6.4758    0.1854896E-05
      0.0000      0.0000      7.0645    0.6048102E-06
      0.0000      0.0000      7.6532    0.1509086E-06
      0.0000      0.0000      8.2419    0.5712233E-07
      0.0000      0.0000      8.8306    0.1311027E-07
      0.0000      0.0000      9.4193    0.7120352E-08
      0.0000      0.0000     10.0080    0.2059424E-08
      0.0000      0.0000     10.5967    0.1823319E-08
      0.0000      0.0000     11.1854    0.1020195E-08
      0.0000      0.0000     11.7741    0.9805820E-09
      0.0000      0.0000     12.3628    0.7727179E-09
      0.0000      0.0000     12.9515    0.7163455E-09
      0.0000      0.0000     13.5402    0.6298812E-09
      0.0000      0.0000     14.1289    0.5822262E-09
      0.0000      0.0000     14.7176    0.5350526E-09
      0.0000      0.0000     15.3063    0.5018130E-09
      0.0000      0.0000     15.8950    0.4737771E-09
      0.0000      0.0000     16.4837    0.4529760E-09
      0.0000      0.0000     17.0724    0.4371920E-09
      0.0000      0.0000     17.6611    0.4264041E-09
      0.0000      0.0000     18.2499    0.4200389E-09
      0.0000      0.0000     18.8386    0.4177563E-09
    -18.2499      0.0000      0.0000    0.6846019E-10
    -17.6611      0.0000      0.0000    0.7112647E-10
    -17.0724      0.0000      0.0000    0.7463343E-10
    -16.4837      0.0000      0.0000    0.7906921E-10
    -15.8950      0.0000      0.0000    0.8469897E-10
    -15.3063      0.0000      0.0000    0.9157176E-10
    -14.7176      0.0000      0.0000    0.1003602E-09
    -14.1289      0.0000      0.0000    0.1107810E-09
    -13.5402      0.0000      0.0000    0.1247512E-09
    -12.9515      0.0000      0.0000    0.1405282E-09
    -12.3628      0.0000      0.0000    0.1640438E-09
    -11.7741      0.0000      0.0000    0.1890309E-09
