      0.0000      0.0000    -18.2499    0.4207473E-09
      0.0000      0.0000    -17.6611    0.4271227E-09
      0.0000      0.0000    -17.0724    0.4379286E-09
      0.0000      0.0000    -16.4837    0.4537375E-09
      0.0000      0.0000    -15.8950    0.4745742E-09
      0.0000      0.0000    -15.3063    0.5026519E-09
      0.0000      0.0000    -14.7176    0.5359528E-09
      0.0000      0.0000    -14.1289    0.5831856E-09
      0.0000      0.0000    -13.5402    0.6309498E-09
      0.0000      0.0000    -12.9515    0.7174744E-09
      0.0000      0.0000    -12.3628    0.7740726E-09
      0.0000      0.0000    -11.7741    0.9818819E-09
      0.0000      0.0000    -11.1854    0.1022061E-08
      0.0000      0.0000    -10.5967    0.1824321E-08
      0.0000      0.0000    -10.0080    0.2061884E-08
      0.0000      0.0000     -9.4193    0.7116628E-08
      0.0000      0.0000     -8.8306    0.1310729E-07
      0.0000      0.0000     -8.2419    0.5707365E-07
      0.0000      0.0000     -7.6532    0.1508099E-06
      0.0000      0.0000     -7.0645    0.6043249E-06
      0.0000      0.0000     -6.4758    0.1853616E-05
      0.0000      0.0000     -5.8871    0.6972637E-05
      0.0000      0.0000     -5.2983    0.2290831E-04
      0.0000      0.0000     -4.7096    0.8440924E-04
      0.0000      0.0000     -4.1209    0.2909864E-03
      0.0000      0.0000     -3.5322    0.1091525E-02
      0.0000      0.0000     -2.9435    0.4024835E-02
      0.0000      0.0000     -2.3548    0.1631155E-01
      0.0000      0.0000     -1.7661    0.6830476E-01
      0.0000      0.0000     -1.1774    0.2827399E+00
      0.0000      0.0000     -0.5887    0.5330299E+00
      0.0000      0.0000      0.0000    0.2356183E+00
      0.0000      0.0000      0.5887    0.5330299E+00
      0.0000      0.0000      1.1774    0.2827399E+00
      0.0000      0.0000      1.7661    0.6830476E-01
      0.0000      0.0000      2.3548    0.1631155E-01
      0.0000      0.0000      2.9435    0.4024835E-02
      0.0000      0.0000      3.5322    0.1091525E-02
      0.0000      0.0000      4.1209    0.2909864E-03
      0.0000      0.0000      4.7096    0.8440924E-04
      0.0000      0.0000      5.2983    0.2290831E-04
      0.0000      0.0000      5.8871    0.6972637E-05
      0.0000      0.0000      6.4758    0.1853616E-05
      0.0000      0.0000      7.0645    0.6043249E-06
      0.0000      0.0000      7.6532    0.1508099E-06
      0.0000      0.0000      8.2419    0.5707365E-07
      0.0000      0.0000      8.8306    0.1310729E-07
      0.0000      0.0000      9.4193    0.7116628E-08
      0.0000      0.0000     10.0080    0.2061884E-08
      0.0000      0.0000     10.5967    0.1824321E-08
      0.0000      0.0000     11.1854    0.1022061E-08
      0.0000      0.0000     11.7741    0.9818819E-09
      0.0000      0.0000     12.3628    0.7740726E-09
      0.0000      0.0000     12.9515    0.7174744E-09
      0.0000      0.0000     13.5402    0.6309498E-09
      0.0000      0.0000     14.1289    0.5831856E-09
      0.0000      0.0000     14.7176    0.5359528E-09
      0.0000      0.0000     15.3063    0.5026519E-09
      0.0000      0.0000     15.8950    0.4745742E-09
      0.0000      0.0000     16.4837    0.4537375E-09
      0.0000      0.0000     17.0724    0.4379286E-09
      0.0000      0.0000     17.6611    0.4271227E-09
      0.0000      0.0000     18.2499    0.4207473E-09
      0.0000      0.0000     18.8386    0.4184607E-09
    -18.2499      0.0000      0.0000    0.6697006E-10
    -17.6611      0.0000      0.0000    0.6958119E-10
    -17.0724      0.0000      0.0000    0.7301384E-10
    -16.4837      0.0000      0.0000    0.7735277E-10
    -15.8950      0.0000      0.0000    0.8286638E-10
    -15.3063      0.0000      0.0000    0.8958344E-10
    -14.7176      0.0000      0.0000    0.9820229E-10
    -14.1289      0.0000      0.0000    0.1083639E-09
    -13.5402      0.0000      0.0000    0.1221139E-09
    -12.9515      0.0000      0.0000    0.1373995E-09
    -12.3628      0.0000      0.0000    0.1607554E-09
    -11.7741      0.0000      0.0000    0.1845641E-09
