      0.0000      0.0000    -18.2499    0.8756848E+00
      0.0000      0.0000    -17.6611    0.9048023E+00
      0.0000      0.0000    -17.0724    0.9359202E+00
      0.0000      0.0000    -16.4837    0.9692516E+00
      0.0000      0.0000    -15.8950    0.1005041E+01
      0.0000      0.0000    -15.3063    0.1043570E+01
      0.0000      0.0000    -14.7176    0.1085166E+01
      0.0000      0.0000    -14.1289    0.1130209E+01
      0.0000      0.0000    -13.5402    0.1179145E+01
      0.0000      0.0000    -12.9515    0.1232501E+01
      0.0000      0.0000    -12.3628    0.1290902E+01
      0.0000      0.0000    -11.7741    0.1355097E+01
      0.0000      0.0000    -11.1854    0.1425991E+01
      0.0000      0.0000    -10.5967    0.1504686E+01
      0.0000      0.0000    -10.0080    0.1592542E+01
      0.0000      0.0000     -9.4193    0.1691249E+01
      0.0000      0.0000     -8.8306    0.1802941E+01
      0.0000      0.0000     -8.2419    0.1930348E+01
      0.0000      0.0000     -7.6532    0.2077017E+01
      0.0000      0.0000     -7.0645    0.2247644E+01
      0.0000      0.0000     -6.4758    0.2448577E+01
      0.0000      0.0000     -5.8871    0.2688605E+01
      0.0000      0.0000     -5.2983    0.2980251E+01
      0.0000      0.0000     -4.7096    0.3341977E+01
      0.0000      0.0000     -4.1209    0.3802154E+01
      0.0000      0.0000     -3.5322    0.4406723E+01
      0.0000      0.0000     -2.9435    0.5235344E+01
      0.0000      0.0000     -2.3548    0.6441107E+01
      0.0000      0.0000     -1.7661    0.8440999E+01
      0.0000      0.0000     -1.1774    0.1299592E+02
      0.0000      0.0000     -0.5887    0.1955002E+02
      0.0000      0.0000      0.0000    0.2026333E+02
      0.0000      0.0000      0.5887    0.1955002E+02
      0.0000      0.0000      1.1774    0.1299592E+02
      0.0000      0.0000      1.7661    0.8440999E+01
      0.0000      0.0000      2.3548    0.6441107E+01
      0.0000      0.0000      2.9435    0.5235344E+01
      0.0000      0.0000      3.5322    0.4406723E+01
      0.0000      0.0000      4.1209    0.3802154E+01
      0.0000      0.0000      4.7096    0.3341977E+01
      0.0000      0.0000      5.2983    0.2980251E+01
      0.0000      0.0000      5.8871    0.2688605E+01
      0.0000      0.0000      6.4758    0.2448577E+01
      0.0000      0.0000      7.0645    0.2247644E+01
      0.0000      0.0000      7.6532    0.2077017E+01
      0.0000      0.0000      8.2419    0.1930348E+01
      0.0000      0.0000      8.8306    0.1802941E+01
      0.0000      0.0000      9.4193    0.1691249E+01
      0.0000      0.0000     10.0080    0.1592542E+01
      0.0000      0.0000     10.5967    0.1504686E+01
      0.0000      0.0000     11.1854    0.1425991E+01
      0.0000      0.0000     11.7741    0.1355097E+01
      0.0000      0.0000     12.3628    0.1290902E+01
      0.0000      0.0000     12.9515    0.1232501E+01
      0.0000      0.0000     13.5402    0.1179145E+01
      0.0000      0.0000     14.1289    0.1130209E+01
      0.0000      0.0000     14.7176    0.1085166E+01
      0.0000      0.0000     15.3063    0.1043570E+01
      0.0000      0.0000     15.8950    0.1005041E+01
      0.0000      0.0000     16.4837    0.9692516E+00
      0.0000      0.0000     17.0724    0.9359202E+00
      0.0000      0.0000     17.6611    0.9048023E+00
      0.0000      0.0000     18.2499    0.8756848E+00
      0.0000      0.0000     18.8386    0.8483809E+00
    -18.2499      0.0000      0.0000    0.8793130E+00
    -17.6611      0.0000      0.0000    0.9087041E+00
    -17.0724      0.0000      0.0000    0.9401269E+00
    -16.4837      0.0000      0.0000    0.9737996E+00
    -15.8950      0.0000      0.0000    0.1009973E+01
    -15.3063      0.0000      0.0000    0.1048935E+01
    -14.7176      0.0000      0.0000    0.1091022E+01
    -14.1289      0.0000      0.0000    0.1136624E+01
    -13.5402      0.0000      0.0000    0.1186202E+01
    -12.9515      0.0000      0.0000    0.1240297E+01
    -12.3628      0.0000      0.0000    0.1299556E+01
    -11.7741      0.0000      0.0000    0.1364753E+01
