    -18.2499      0.0000      0.0000    0.8793130E+00
    -17.6611      0.0000      0.0000    0.9087041E+00
    -17.0724      0.0000      0.0000    0.9401269E+00
    -16.4837      0.0000      0.0000    0.9737996E+00
    -15.8950      0.0000      0.0000    0.1009973E+01
    -15.3063      0.0000      0.0000    0.1048935E+01
    -14.7176      0.0000      0.0000    0.1091022E+01
    -14.1289      0.0000      0.0000    0.1136624E+01
    -13.5402      0.0000      0.0000    0.1186202E+01
    -12.9515      0.0000      0.0000    0.1240297E+01
    -12.3628      0.0000      0.0000    0.1299556E+01
    -11.7741      0.0000      0.0000    0.1364753E+01
    -11.1854      0.0000      0.0000    0.1436826E+01
    -10.5967      0.0000      0.0000    0.1516922E+01
    -10.0080      0.0000      0.0000    0.1606455E+01
     -9.4193      0.0000      0.0000    0.1707189E+01
     -8.8306      0.0000      0.0000    0.1821360E+01
     -8.2419      0.0000      0.0000    0.1951833E+01
     -7.6532      0.0000      0.0000    0.2102343E+01
     -7.0645      0.0000      0.0000    0.2277852E+01
     -6.4758      0.0000      0.0000    0.2485081E+01
     -5.8871      0.0000      0.0000    0.2733353E+01
     -5.2983      0.0000      0.0000    0.3035952E+01
     -4.7096      0.0000      0.0000    0.3412375E+01
     -4.1209      0.0000      0.0000    0.3892218E+01
     -3.5322      0.0000      0.0000    0.4522039E+01
     -2.9435      0.0000      0.0000    0.5377639E+01
     -2.3548      0.0000      0.0000    0.6586610E+01
     -1.7661      0.0000      0.0000    0.8394143E+01
     -1.1774      0.0000      0.0000    0.1177328E+02
     -0.5887      0.0000      0.0000    0.1834376E+02
      0.0000      0.0000      0.0000    0.2026333E+02
      0.5887      0.0000      0.0000    0.2002432E+02
      1.1774      0.0000      0.0000    0.1567511E+02
      1.7661      0.0000      0.0000    0.9424690E+01
      2.3548      0.0000      0.0000    0.6767258E+01
      2.9435      0.0000      0.0000    0.5388373E+01
      3.5322      0.0000      0.0000    0.4486104E+01
      4.1209      0.0000      0.0000    0.3845294E+01
      4.7096      0.0000      0.0000    0.3365893E+01
      5.2983      0.0000      0.0000    0.2993395E+01
      5.8871      0.0000      0.0000    0.2695465E+01
      6.4758      0.0000      0.0000    0.2451662E+01
      7.0645      0.0000      0.0000    0.2248419E+01
      7.6532      0.0000      0.0000    0.2076364E+01
      8.2419      0.0000      0.0000    0.1928815E+01
      8.8306      0.0000      0.0000    0.1800875E+01
      9.4193      0.0000      0.0000    0.1688872E+01
     10.0080      0.0000      0.0000    0.1589999E+01
     10.5967      0.0000      0.0000    0.1502072E+01
     11.1854      0.0000      0.0000    0.1423367E+01
     11.7741      0.0000      0.0000    0.1352505E+01
     12.3628      0.0000      0.0000    0.1288368E+01
     12.9515      0.0000      0.0000    0.1230041E+01
     13.5402      0.0000      0.0000    0.1176769E+01
     14.1289      0.0000      0.0000    0.1127921E+01
     14.7176      0.0000      0.0000    0.1082968E+01
     15.3063      0.0000      0.0000    0.1041462E+01
     15.8950      0.0000      0.0000    0.1003021E+01
     16.4837      0.0000      0.0000    0.9673171E+00
     17.0724      0.0000      0.0000    0.9340684E+00
     17.6611      0.0000      0.0000    0.9030298E+00
     18.2499      0.0000      0.0000    0.8739879E+00
     18.8386      0.0000      0.0000    0.8467562E+00
      0.0000      0.0000    -18.2499    0.4215957E-09
      0.0000      0.0000    -17.6611    0.4279834E-09
      0.0000      0.0000    -17.0724    0.4388109E-09
      0.0000      0.0000    -16.4837    0.4546498E-09
      0.0000      0.0000    -15.8950    0.4755293E-09
      0.0000      0.0000    -15.3063    0.5036569E-09
      0.0000      0.0000    -14.7176    0.5370322E-09
      0.0000      0.0000    -14.1289    0.5843344E-09
      0.0000      0.0000    -13.5402    0.6322328E-09
      0.0000      0.0000    -12.9515    0.7188193E-09
      0.0000      0.0000    -12.3628    0.7756956E-09
      0.0000      0.0000    -11.7741    0.9833743E-09
