      0.0000      0.0000    -18.2499    0.4199466E-09
      0.0000      0.0000    -17.6611    0.4263145E-09
      0.0000      0.0000    -17.0724    0.4370947E-09
      0.0000      0.0000    -16.4837    0.4528894E-09
      0.0000      0.0000    -15.8950    0.4736682E-09
      0.0000      0.0000    -15.3063    0.5017356E-09
      0.0000      0.0000    -14.7176    0.5349118E-09
      0.0000      0.0000    -14.1289    0.5821632E-09
      0.0000      0.0000    -13.5402    0.6296049E-09
      0.0000      0.0000    -12.9515    0.7161679E-09
      0.0000      0.0000    -12.3628    0.7714855E-09
      0.0000      0.0000    -11.7741    0.9783783E-09
      0.0000      0.0000    -11.1854    0.1010301E-08
      0.0000      0.0000    -10.5967    0.1797687E-08
      0.0000      0.0000    -10.0080    0.1965701E-08
      0.0000      0.0000     -9.4193    0.6850788E-08
      0.0000      0.0000     -8.8306    0.1220514E-07
      0.0000      0.0000     -8.2419    0.5444962E-07
      0.0000      0.0000     -7.6532    0.1423611E-06
      0.0000      0.0000     -7.0645    0.5797015E-06
      0.0000      0.0000     -6.4758    0.1778012E-05
      0.0000      0.0000     -5.8871    0.6758578E-05
      0.0000      0.0000     -5.2983    0.2229162E-04
      0.0000      0.0000     -4.7096    0.8279449E-04
      0.0000      0.0000     -4.1209    0.2869143E-03
      0.0000      0.0000     -3.5322    0.1083214E-02
      0.0000      0.0000     -2.9435    0.4013377E-02
      0.0000      0.0000     -2.3548    0.1633062E-01
      0.0000      0.0000     -1.7661    0.6852540E-01
      0.0000      0.0000     -1.1774    0.2839210E+00
      0.0000      0.0000     -0.5887    0.5368418E+00
      0.0000      0.0000      0.0000    0.2406486E+00
      0.0000      0.0000      0.5887    0.5368418E+00
      0.0000      0.0000      1.1774    0.2839210E+00
      0.0000      0.0000      1.7661    0.6852540E-01
      0.0000      0.0000      2.3548    0.1633062E-01
      0.0000      0.0000      2.9435    0.4013377E-02
      0.0000      0.0000      3.5322    0.1083214E-02
      0.0000      0.0000      4.1209    0.2869143E-03
      0.0000      0.0000      4.7096    0.8279449E-04
      0.0000      0.0000      5.2983    0.2229162E-04
      0.0000      0.0000      5.8871    0.6758578E-05
      0.0000      0.0000      6.4758    0.1778012E-05
      0.0000      0.0000      7.0645    0.5797015E-06
      0.0000      0.0000      7.6532    0.1423611E-06
      0.0000      0.0000      8.2419    0.5444962E-07
      0.0000      0.0000      8.8306    0.1220514E-07
      0.0000      0.0000      9.4193    0.6850788E-08
      0.0000      0.0000     10.0080    0.1965701E-08
      0.0000      0.0000     10.5967    0.1797687E-08
      0.0000      0.0000     11.1854    0.1010301E-08
      0.0000      0.0000     11.7741    0.9783783E-09
      0.0000      0.0000     12.3628    0.7714855E-09
      0.0000      0.0000     12.9515    0.7161679E-09
      0.0000      0.0000     13.5402    0.6296049E-09
      0.0000      0.0000     14.1289    0.5821632E-09
      0.0000      0.0000     14.7176    0.5349118E-09
      0.0000      0.0000     15.3063    0.5017356E-09
      0.0000      0.0000     15.8950    0.4736682E-09
      0.0000      0.0000     16.4837    0.4528894E-09
      0.0000      0.0000     17.0724    0.4370947E-09
      0.0000      0.0000     17.6611    0.4263145E-09
      0.0000      0.0000     18.2499    0.4199466E-09
      0.0000      0.0000     18.8386    0.4176654E-09
    -18.2499      0.0000      0.0000    0.7872642E-10
    -17.6611      0.0000      0.0000    0.8153922E-10
    -17.0724      0.0000      0.0000    0.8536327E-10
    -16.4837      0.0000      0.0000    0.9016824E-10
    -15.8950      0.0000      0.0000    0.9640190E-10
    -15.3063      0.0000      0.0000    0.1038306E-09
    -14.7176      0.0000      0.0000    0.1137399E-09
    -14.1289      0.0000      0.0000    0.1247362E-09
    -13.5402      0.0000      0.0000    0.1410663E-09
    -12.9515      0.0000      0.0000    0.1565705E-09
    -12.3628      0.0000      0.0000    0.1864337E-09
    -11.7741      0.0000      0.0000    0.2068079E-09
