      0.0000      0.0000    -18.2499    0.9022934E-08
      0.0000      0.0000    -17.6611    0.2416498E-07
      0.0000      0.0000    -17.0724    0.6240445E-07
      0.0000      0.0000    -16.4837    0.1553745E-06
      0.0000      0.0000    -15.8950    0.3729224E-06
      0.0000      0.0000    -15.3063    0.8627120E-06
      0.0000      0.0000    -14.7176    0.1923311E-05
      0.0000      0.0000    -14.1289    0.4131326E-05
      0.0000      0.0000    -13.5402    0.8548665E-05
      0.0000      0.0000    -12.9515    0.1703645E-04
      0.0000      0.0000    -12.3628    0.3269077E-04
      0.0000      0.0000    -11.7741    0.6038345E-04
      0.0000      0.0000    -11.1854    0.1073314E-03
      0.0000      0.0000    -10.5967    0.1835298E-03
      0.0000      0.0000    -10.0080    0.3017848E-03
      0.0000      0.0000     -9.4193    0.4770043E-03
      0.0000      0.0000     -8.8306    0.7244156E-03
      0.0000      0.0000     -8.2419    0.1056533E-02
      0.0000      0.0000     -7.6532    0.1479050E-02
      0.0000      0.0000     -7.0645    0.1986333E-02
      0.0000      0.0000     -6.4758    0.2557752E-02
      0.0000      0.0000     -5.8871    0.3156401E-02
      0.0000      0.0000     -5.2983    0.3731699E-02
      0.0000      0.0000     -4.7096    0.4226560E-02
      0.0000      0.0000     -4.1209    0.4588497E-02
      0.0000      0.0000     -3.5322    0.4782398E-02
      0.0000      0.0000     -2.9435    0.4801426E-02
      0.0000      0.0000     -2.3548    0.4672190E-02
      0.0000      0.0000     -1.7661    0.4451477E-02
      0.0000      0.0000     -1.1774    0.4214151E-02
      0.0000      0.0000     -0.5887    0.4034834E-02
      0.0000      0.0000      0.0000    0.3968352E-02
      0.0000      0.0000      0.5887    0.4034834E-02
      0.0000      0.0000      1.1774    0.4214151E-02
      0.0000      0.0000      1.7661    0.4451477E-02
      0.0000      0.0000      2.3548    0.4672190E-02
      0.0000      0.0000      2.9435    0.4801425E-02
      0.0000      0.0000      3.5322    0.4782398E-02
      0.0000      0.0000      4.1209    0.4588496E-02
      0.0000      0.0000      4.7096    0.4226560E-02
      0.0000      0.0000      5.2983    0.3731699E-02
      0.0000      0.0000      5.8871    0.3156401E-02
      0.0000      0.0000      6.4758    0.2557752E-02
      0.0000      0.0000      7.0645    0.1986333E-02
      0.0000      0.0000      7.6532    0.1479050E-02
      0.0000      0.0000      8.2419    0.1056533E-02
      0.0000      0.0000      8.8306    0.7244155E-03
      0.0000      0.0000      9.4193    0.4770043E-03
      0.0000      0.0000     10.0080    0.3017848E-03
      0.0000      0.0000     10.5967    0.1835298E-03
      0.0000      0.0000     11.1854    0.1073314E-03
      0.0000      0.0000     11.7741    0.6038345E-04
      0.0000      0.0000     12.3628    0.3269077E-04
      0.0000      0.0000     12.9515    0.1703645E-04
      0.0000      0.0000     13.5402    0.8548665E-05
      0.0000      0.0000     14.1289    0.4131326E-05
      0.0000      0.0000     14.7176    0.1923310E-05
      0.0000      0.0000     15.3063    0.8627120E-06
      0.0000      0.0000     15.8950    0.3729224E-06
      0.0000      0.0000     16.4837    0.1553745E-06
      0.0000      0.0000     17.0724    0.6240445E-07
      0.0000      0.0000     17.6611    0.2416498E-07
      0.0000      0.0000     18.2499    0.9022934E-08
      0.0000      0.0000     18.8386    0.3249002E-08
    -18.2499      0.0000      0.0000    0.8417002E-10
    -17.6611      0.0000      0.0000    0.8688322E-10
    -17.0724      0.0000      0.0000    0.9070129E-10
    -16.4837      0.0000      0.0000    0.9546253E-10
    -15.8950      0.0000      0.0000    0.1018315E-09
    -15.3063      0.0000      0.0000    0.1091598E-09
    -14.7176      0.0000      0.0000    0.1195431E-09
    -14.1289      0.0000      0.0000    0.1299883E-09
    -13.5402      0.0000      0.0000    0.1479326E-09
    -12.9515      0.0000      0.0000    0.1608720E-09
    -12.3628      0.0000      0.0000    0.1969115E-09
    -11.7741      0.0000      0.0000    0.2066104E-09
