      0.0000      0.0000    -18.2499    0.4208518E-09
      0.0000      0.0000    -17.6611    0.4272288E-09
      0.0000      0.0000    -17.0724    0.4380373E-09
      0.0000      0.0000    -16.4837    0.4538499E-09
      0.0000      0.0000    -15.8950    0.4746918E-09
      0.0000      0.0000    -15.3063    0.5027758E-09
      0.0000      0.0000    -14.7176    0.5360857E-09
      0.0000      0.0000    -14.1289    0.5833273E-09
      0.0000      0.0000    -13.5402    0.6311074E-09
      0.0000      0.0000    -12.9515    0.7176414E-09
      0.0000      0.0000    -12.3628    0.7742715E-09
      0.0000      0.0000    -11.7741    0.9820740E-09
      0.0000      0.0000    -11.1854    0.1022328E-08
      0.0000      0.0000    -10.5967    0.1824459E-08
      0.0000      0.0000    -10.0080    0.2062174E-08
      0.0000      0.0000     -9.4193    0.7115936E-08
      0.0000      0.0000     -8.8306    0.1310623E-07
      0.0000      0.0000     -8.2419    0.5706495E-07
      0.0000      0.0000     -7.6532    0.1507899E-06
      0.0000      0.0000     -7.0645    0.6042392E-06
      0.0000      0.0000     -6.4758    0.1853382E-05
      0.0000      0.0000     -5.8871    0.6971788E-05
      0.0000      0.0000     -5.2983    0.2290579E-04
      0.0000      0.0000     -4.7096    0.8440070E-04
      0.0000      0.0000     -4.1209    0.2909601E-03
      0.0000      0.0000     -3.5322    0.1091440E-02
      0.0000      0.0000     -2.9435    0.4024579E-02
      0.0000      0.0000     -2.3548    0.1631084E-01
      0.0000      0.0000     -1.7661    0.6830324E-01
      0.0000      0.0000     -1.1774    0.2827375E+00
      0.0000      0.0000     -0.5887    0.5330098E+00
      0.0000      0.0000      0.0000    0.2355690E+00
      0.0000      0.0000      0.5887    0.5330098E+00
      0.0000      0.0000      1.1774    0.2827375E+00
      0.0000      0.0000      1.7661    0.6830324E-01
      0.0000      0.0000      2.3548    0.1631084E-01
      0.0000      0.0000      2.9435    0.4024579E-02
      0.0000      0.0000      3.5322    0.1091440E-02
      0.0000      0.0000      4.1209    0.2909601E-03
      0.0000      0.0000      4.7096    0.8440070E-04
      0.0000      0.0000      5.2983    0.2290579E-04
      0.0000      0.0000      5.8871    0.6971788E-05
      0.0000      0.0000      6.4758    0.1853382E-05
      0.0000      0.0000      7.0645    0.6042392E-06
      0.0000      0.0000      7.6532    0.1507899E-06
      0.0000      0.0000      8.2419    0.5706495E-07
      0.0000      0.0000      8.8306    0.1310623E-07
      0.0000      0.0000      9.4193    0.7115936E-08
      0.0000      0.0000     10.0080    0.2062174E-08
      0.0000      0.0000     10.5967    0.1824459E-08
      0.0000      0.0000     11.1854    0.1022328E-08
      0.0000      0.0000     11.7741    0.9820740E-09
      0.0000      0.0000     12.3628    0.7742715E-09
      0.0000      0.0000     12.9515    0.7176414E-09
      0.0000      0.0000     13.5402    0.6311074E-09
      0.0000      0.0000     14.1289    0.5833273E-09
      0.0000      0.0000     14.7176    0.5360856E-09
      0.0000      0.0000     15.3063    0.5027758E-09
      0.0000      0.0000     15.8950    0.4746918E-09
      0.0000      0.0000     16.4837    0.4538499E-09
      0.0000      0.0000     17.0724    0.4380373E-09
      0.0000      0.0000     17.6611    0.4272288E-09
      0.0000      0.0000     18.2499    0.4208518E-09
      0.0000      0.0000     18.8386    0.4185647E-09
    -18.2499      0.0000      0.0000    0.6680300E-10
    -17.6611      0.0000      0.0000    0.6940752E-10
    -17.0724      0.0000      0.0000    0.7283137E-10
    -16.4837      0.0000      0.0000    0.7715886E-10
    -15.8950      0.0000      0.0000    0.8265892E-10
    -15.3063      0.0000      0.0000    0.8935762E-10
    -14.7176      0.0000      0.0000    0.9795696E-10
    -14.1289      0.0000      0.0000    0.1080876E-09
    -13.5402      0.0000      0.0000    0.1218133E-09
    -12.9515      0.0000      0.0000    0.1370388E-09
    -12.3628      0.0000      0.0000    0.1603819E-09
    -11.7741      0.0000      0.0000    0.1840411E-09
