      0.0000      0.0000    -18.2499    0.4209490E-09
      0.0000      0.0000    -17.6611    0.4273273E-09
      0.0000      0.0000    -17.0724    0.4381383E-09
      0.0000      0.0000    -16.4837    0.4539544E-09
      0.0000      0.0000    -15.8950    0.4748012E-09
      0.0000      0.0000    -15.3063    0.5028909E-09
      0.0000      0.0000    -14.7176    0.5362091E-09
      0.0000      0.0000    -14.1289    0.5834591E-09
      0.0000      0.0000    -13.5402    0.6312539E-09
      0.0000      0.0000    -12.9515    0.7177965E-09
      0.0000      0.0000    -12.3628    0.7744564E-09
      0.0000      0.0000    -11.7741    0.9822519E-09
      0.0000      0.0000    -11.1854    0.1022575E-08
      0.0000      0.0000    -10.5967    0.1824582E-08
      0.0000      0.0000    -10.0080    0.2062432E-08
      0.0000      0.0000     -9.4193    0.7115247E-08
      0.0000      0.0000     -8.8306    0.1310511E-07
      0.0000      0.0000     -8.2419    0.5705644E-07
      0.0000      0.0000     -7.6532    0.1507700E-06
      0.0000      0.0000     -7.0645    0.6041556E-06
      0.0000      0.0000     -6.4758    0.1853152E-05
      0.0000      0.0000     -5.8871    0.6970964E-05
      0.0000      0.0000     -5.2983    0.2290334E-04
      0.0000      0.0000     -4.7096    0.8439247E-04
      0.0000      0.0000     -4.1209    0.2909348E-03
      0.0000      0.0000     -3.5322    0.1091359E-02
      0.0000      0.0000     -2.9435    0.4024335E-02
      0.0000      0.0000     -2.3548    0.1631016E-01
      0.0000      0.0000     -1.7661    0.6830179E-01
      0.0000      0.0000     -1.1774    0.2827352E+00
      0.0000      0.0000     -0.5887    0.5329909E+00
      0.0000      0.0000      0.0000    0.2355227E+00
      0.0000      0.0000      0.5887    0.5329909E+00
      0.0000      0.0000      1.1774    0.2827352E+00
      0.0000      0.0000      1.7661    0.6830179E-01
      0.0000      0.0000      2.3548    0.1631016E-01
      0.0000      0.0000      2.9435    0.4024335E-02
      0.0000      0.0000      3.5322    0.1091359E-02
      0.0000      0.0000      4.1209    0.2909348E-03
      0.0000      0.0000      4.7096    0.8439247E-04
      0.0000      0.0000      5.2983    0.2290334E-04
      0.0000      0.0000      5.8871    0.6970964E-05
      0.0000      0.0000      6.4758    0.1853152E-05
      0.0000      0.0000      7.0645    0.6041556E-06
      0.0000      0.0000      7.6532    0.1507700E-06
      0.0000      0.0000      8.2419    0.5705644E-07
      0.0000      0.0000      8.8306    0.1310511E-07
      0.0000      0.0000      9.4193    0.7115247E-08
      0.0000      0.0000     10.0080    0.2062432E-08
      0.0000      0.0000     10.5967    0.1824582E-08
      0.0000      0.0000     11.1854    0.1022575E-08
      0.0000      0.0000     11.7741    0.9822519E-09
      0.0000      0.0000     12.3628    0.7744564E-09
      0.0000      0.0000     12.9515    0.7177965E-09
      0.0000      0.0000     13.5402    0.6312539E-09
      0.0000      0.0000     14.1289    0.5834591E-09
      0.0000      0.0000     14.7176    0.5362091E-09
      0.0000      0.0000     15.3063    0.5028909E-09
      0.0000      0.0000     15.8950    0.4748012E-09
      0.0000      0.0000     16.4837    0.4539544E-09
      0.0000      0.0000     17.0724    0.4381383E-09
      0.0000      0.0000     17.6611    0.4273273E-09
      0.0000      0.0000     18.2499    0.4209490E-09
      0.0000      0.0000     18.8386    0.4186613E-09
    -18.2499      0.0000      0.0000    0.6665270E-10
    -17.6611      0.0000      0.0000    0.6925116E-10
    -17.0724      0.0000      0.0000    0.7266699E-10
    -16.4837      0.0000      0.0000    0.7698406E-10
    -15.8950      0.0000      0.0000    0.8247181E-10
    -15.3063      0.0000      0.0000    0.8915377E-10
    -14.7176      0.0000      0.0000    0.9773545E-10
    -14.1289      0.0000      0.0000    0.1078379E-09
    -13.5402      0.0000      0.0000    0.1215417E-09
    -12.9515      0.0000      0.0000    0.1367119E-09
    -12.3628      0.0000      0.0000    0.1600446E-09
    -11.7741      0.0000      0.0000    0.1835652E-09
