      0.0000      0.0000    -18.2499    0.4212695E-09
      0.0000      0.0000    -17.6611    0.4276525E-09
      0.0000      0.0000    -17.0724    0.4384717E-09
      0.0000      0.0000    -16.4837    0.4542990E-09
      0.0000      0.0000    -15.8950    0.4751622E-09
      0.0000      0.0000    -15.3063    0.5032704E-09
      0.0000      0.0000    -14.7176    0.5366176E-09
      0.0000      0.0000    -14.1289    0.5838921E-09
      0.0000      0.0000    -13.5402    0.6317408E-09
      0.0000      0.0000    -12.9515    0.7182995E-09
      0.0000      0.0000    -12.3628    0.7750763E-09
      0.0000      0.0000    -11.7741    0.9827871E-09
      0.0000      0.0000    -11.1854    0.1023392E-08
      0.0000      0.0000    -10.5967    0.1824636E-08
      0.0000      0.0000    -10.0080    0.2062887E-08
      0.0000      0.0000     -9.4193    0.7110167E-08
      0.0000      0.0000     -8.8306    0.1309562E-07
      0.0000      0.0000     -8.2419    0.5700328E-07
      0.0000      0.0000     -7.6532    0.1506389E-06
      0.0000      0.0000     -7.0645    0.6036435E-06
      0.0000      0.0000     -6.4758    0.1851718E-05
      0.0000      0.0000     -5.8871    0.6966012E-05
      0.0000      0.0000     -5.2983    0.2288870E-04
      0.0000      0.0000     -4.7096    0.8434479E-04
      0.0000      0.0000     -4.1209    0.2907915E-03
      0.0000      0.0000     -3.5322    0.1090914E-02
      0.0000      0.0000     -2.9435    0.4023037E-02
      0.0000      0.0000     -2.3548    0.1630663E-01
      0.0000      0.0000     -1.7661    0.6829418E-01
      0.0000      0.0000     -1.1774    0.2827240E+00
      0.0000      0.0000     -0.5887    0.5329158E+00
      0.0000      0.0000      0.0000    0.2353348E+00
      0.0000      0.0000      0.5887    0.5329158E+00
      0.0000      0.0000      1.1774    0.2827240E+00
      0.0000      0.0000      1.7661    0.6829418E-01
      0.0000      0.0000      2.3548    0.1630663E-01
      0.0000      0.0000      2.9435    0.4023037E-02
      0.0000      0.0000      3.5322    0.1090914E-02
      0.0000      0.0000      4.1209    0.2907915E-03
      0.0000      0.0000      4.7096    0.8434480E-04
      0.0000      0.0000      5.2983    0.2288870E-04
      0.0000      0.0000      5.8871    0.6966012E-05
      0.0000      0.0000      6.4758    0.1851718E-05
      0.0000      0.0000      7.0645    0.6036435E-06
      0.0000      0.0000      7.6532    0.1506389E-06
      0.0000      0.0000      8.2419    0.5700328E-07
      0.0000      0.0000      8.8306    0.1309562E-07
      0.0000      0.0000      9.4193    0.7110167E-08
      0.0000      0.0000     10.0080    0.2062887E-08
      0.0000      0.0000     10.5967    0.1824636E-08
      0.0000      0.0000     11.1854    0.1023392E-08
      0.0000      0.0000     11.7741    0.9827871E-09
      0.0000      0.0000     12.3628    0.7750763E-09
      0.0000      0.0000     12.9515    0.7182995E-09
      0.0000      0.0000     13.5402    0.6317408E-09
      0.0000      0.0000     14.1289    0.5838921E-09
      0.0000      0.0000     14.7176    0.5366176E-09
      0.0000      0.0000     15.3063    0.5032704E-09
      0.0000      0.0000     15.8950    0.4751622E-09
      0.0000      0.0000     16.4837    0.4542990E-09
      0.0000      0.0000     17.0724    0.4384717E-09
      0.0000      0.0000     17.6611    0.4276525E-09
      0.0000      0.0000     18.2499    0.4212695E-09
      0.0000      0.0000     18.8386    0.4189800E-09
    -18.2499      0.0000      0.0000    0.6595867E-10
    -17.6611      0.0000      0.0000    0.6852830E-10
    -17.0724      0.0000      0.0000    0.7190624E-10
    -16.4837      0.0000      0.0000    0.7617399E-10
    -15.8950      0.0000      0.0000    0.8160403E-10
    -15.3063      0.0000      0.0000    0.8820681E-10
    -14.7176      0.0000      0.0000    0.9670651E-10
    -14.1289      0.0000      0.0000    0.1066743E-09
    -13.5402      0.0000      0.0000    0.1202798E-09
    -12.9515      0.0000      0.0000    0.1351814E-09
    -12.3628      0.0000      0.0000    0.1584851E-09
    -11.7741      0.0000      0.0000    0.1813162E-09
