      0.0000      0.0000    -18.2499    0.4210854E-09
      0.0000      0.0000    -17.6611    0.4274657E-09
      0.0000      0.0000    -17.0724    0.4382802E-09
      0.0000      0.0000    -16.4837    0.4541010E-09
      0.0000      0.0000    -15.8950    0.4749549E-09
      0.0000      0.0000    -15.3063    0.5030522E-09
      0.0000      0.0000    -14.7176    0.5363834E-09
      0.0000      0.0000    -14.1289    0.5836426E-09
      0.0000      0.0000    -13.5402    0.6314627E-09
      0.0000      0.0000    -12.9515    0.7180068E-09
      0.0000      0.0000    -12.3628    0.7747252E-09
      0.0000      0.0000    -11.7741    0.9824593E-09
      0.0000      0.0000    -11.1854    0.1022930E-08
      0.0000      0.0000    -10.5967    0.1824474E-08
      0.0000      0.0000    -10.0080    0.2062511E-08
      0.0000      0.0000     -9.4193    0.7112074E-08
      0.0000      0.0000     -8.8306    0.1309909E-07
      0.0000      0.0000     -8.2419    0.5702480E-07
      0.0000      0.0000     -7.6532    0.1506906E-06
      0.0000      0.0000     -7.0645    0.6038517E-06
      0.0000      0.0000     -6.4758    0.1852292E-05
      0.0000      0.0000     -5.8871    0.6968032E-05
      0.0000      0.0000     -5.2983    0.2289466E-04
      0.0000      0.0000     -4.7096    0.8436459E-04
      0.0000      0.0000     -4.1209    0.2908517E-03
      0.0000      0.0000     -3.5322    0.1091106E-02
      0.0000      0.0000     -2.9435    0.4023610E-02
      0.0000      0.0000     -2.3548    0.1630823E-01
      0.0000      0.0000     -1.7661    0.6829773E-01
      0.0000      0.0000     -1.1774    0.2827297E+00
      0.0000      0.0000     -0.5887    0.5329534E+00
      0.0000      0.0000      0.0000    0.2354246E+00
      0.0000      0.0000      0.5887    0.5329534E+00
      0.0000      0.0000      1.1774    0.2827297E+00
      0.0000      0.0000      1.7661    0.6829773E-01
      0.0000      0.0000      2.3548    0.1630823E-01
      0.0000      0.0000      2.9435    0.4023610E-02
      0.0000      0.0000      3.5322    0.1091106E-02
      0.0000      0.0000      4.1209    0.2908517E-03
      0.0000      0.0000      4.7096    0.8436459E-04
      0.0000      0.0000      5.2983    0.2289466E-04
      0.0000      0.0000      5.8871    0.6968032E-05
      0.0000      0.0000      6.4758    0.1852292E-05
      0.0000      0.0000      7.0645    0.6038517E-06
      0.0000      0.0000      7.6532    0.1506906E-06
      0.0000      0.0000      8.2419    0.5702480E-07
      0.0000      0.0000      8.8306    0.1309909E-07
      0.0000      0.0000      9.4193    0.7112074E-08
      0.0000      0.0000     10.0080    0.2062511E-08
      0.0000      0.0000     10.5967    0.1824474E-08
      0.0000      0.0000     11.1854    0.1022930E-08
      0.0000      0.0000     11.7741    0.9824593E-09
      0.0000      0.0000     12.3628    0.7747252E-09
      0.0000      0.0000     12.9515    0.7180068E-09
      0.0000      0.0000     13.5402    0.6314627E-09
      0.0000      0.0000     14.1289    0.5836426E-09
      0.0000      0.0000     14.7176    0.5363834E-09
      0.0000      0.0000     15.3063    0.5030522E-09
      0.0000      0.0000     15.8950    0.4749549E-09
      0.0000      0.0000     16.4837    0.4541010E-09
      0.0000      0.0000     17.0724    0.4382802E-09
      0.0000      0.0000     17.6611    0.4274657E-09
      0.0000      0.0000     18.2499    0.4210854E-09
      0.0000      0.0000     18.8386    0.4187969E-09
    -18.2499      0.0000      0.0000    0.6622127E-10
    -17.6611      0.0000      0.0000    0.6880249E-10
    -17.0724      0.0000      0.0000    0.7219552E-10
    -16.4837      0.0000      0.0000    0.7648284E-10
    -15.8950      0.0000      0.0000    0.8193563E-10
    -15.3063      0.0000      0.0000    0.8856976E-10
    -14.7176      0.0000      0.0000    0.9710156E-10
    -14.1289      0.0000      0.0000    0.1071229E-09
    -13.5402      0.0000      0.0000    0.1207662E-09
    -12.9515      0.0000      0.0000    0.1357756E-09
    -12.3628      0.0000      0.0000    0.1590869E-09
    -11.7741      0.0000      0.0000    0.1821982E-09
