      0.0000      0.0000    -18.2499    0.4179058E-09
      0.0000      0.0000    -17.6611    0.4242407E-09
      0.0000      0.0000    -17.0724    0.4349748E-09
      0.0000      0.0000    -16.4837    0.4506846E-09
      0.0000      0.0000    -15.8950    0.4713805E-09
      0.0000      0.0000    -15.3063    0.4992903E-09
      0.0000      0.0000    -14.7176    0.5323512E-09
      0.0000      0.0000    -14.1289    0.5793352E-09
      0.0000      0.0000    -13.5402    0.6266796E-09
      0.0000      0.0000    -12.9515    0.7128790E-09
      0.0000      0.0000    -12.3628    0.7685798E-09
      0.0000      0.0000    -11.7741    0.9760162E-09
      0.0000      0.0000    -11.1854    0.1013268E-08
      0.0000      0.0000    -10.5967    0.1814325E-08
      0.0000      0.0000    -10.0080    0.2036472E-08
      0.0000      0.0000     -9.4193    0.7075352E-08
      0.0000      0.0000     -8.8306    0.1295720E-07
      0.0000      0.0000     -8.2419    0.5673570E-07
      0.0000      0.0000     -7.6532    0.1496160E-06
      0.0000      0.0000     -7.0645    0.6012925E-06
      0.0000      0.0000     -6.4758    0.1843919E-05
      0.0000      0.0000     -5.8871    0.6947920E-05
      0.0000      0.0000     -5.2983    0.2283828E-04
      0.0000      0.0000     -4.7096    0.8425082E-04
      0.0000      0.0000     -4.1209    0.2906444E-03
      0.0000      0.0000     -3.5322    0.1091158E-02
      0.0000      0.0000     -2.9435    0.4025585E-02
      0.0000      0.0000     -2.3548    0.1631908E-01
      0.0000      0.0000     -1.7661    0.6833325E-01
      0.0000      0.0000     -1.1774    0.2828752E+00
      0.0000      0.0000     -0.5887    0.5338964E+00
      0.0000      0.0000      0.0000    0.2370655E+00
      0.0000      0.0000      0.5887    0.5338964E+00
      0.0000      0.0000      1.1774    0.2828752E+00
      0.0000      0.0000      1.7661    0.6833325E-01
      0.0000      0.0000      2.3548    0.1631908E-01
      0.0000      0.0000      2.9435    0.4025585E-02
      0.0000      0.0000      3.5322    0.1091158E-02
      0.0000      0.0000      4.1209    0.2906444E-03
      0.0000      0.0000      4.7096    0.8425082E-04
      0.0000      0.0000      5.2983    0.2283828E-04
      0.0000      0.0000      5.8871    0.6947920E-05
      0.0000      0.0000      6.4758    0.1843919E-05
      0.0000      0.0000      7.0645    0.6012925E-06
      0.0000      0.0000      7.6532    0.1496160E-06
      0.0000      0.0000      8.2419    0.5673570E-07
      0.0000      0.0000      8.8306    0.1295720E-07
      0.0000      0.0000      9.4193    0.7075352E-08
      0.0000      0.0000     10.0080    0.2036472E-08
      0.0000      0.0000     10.5967    0.1814325E-08
      0.0000      0.0000     11.1854    0.1013268E-08
      0.0000      0.0000     11.7741    0.9760162E-09
      0.0000      0.0000     12.3628    0.7685798E-09
      0.0000      0.0000     12.9515    0.7128790E-09
      0.0000      0.0000     13.5402    0.6266796E-09
      0.0000      0.0000     14.1289    0.5793352E-09
      0.0000      0.0000     14.7176    0.5323512E-09
      0.0000      0.0000     15.3063    0.4992903E-09
      0.0000      0.0000     15.8950    0.4713805E-09
      0.0000      0.0000     16.4837    0.4506846E-09
      0.0000      0.0000     17.0724    0.4349748E-09
      0.0000      0.0000     17.6611    0.4242407E-09
      0.0000      0.0000     18.2499    0.4179058E-09
      0.0000      0.0000     18.8386    0.4156351E-09
    -18.2499      0.0000      0.0000    0.7400441E-10
    -17.6611      0.0000      0.0000    0.7684550E-10
    -17.0724      0.0000      0.0000    0.8060101E-10
    -16.4837      0.0000      0.0000    0.8535961E-10
    -15.8950      0.0000      0.0000    0.9139074E-10
    -15.3063      0.0000      0.0000    0.9878301E-10
    -14.7176      0.0000      0.0000    0.1081800E-09
    -14.1289      0.0000      0.0000    0.1194368E-09
    -13.5402      0.0000      0.0000    0.1342772E-09
    -12.9515      0.0000      0.0000    0.1515123E-09
    -12.3628      0.0000      0.0000    0.1760751E-09
    -11.7741      0.0000      0.0000    0.2041354E-09
