      0.0000      0.0000    -18.2499    0.4212322E-09
      0.0000      0.0000    -17.6611    0.4276196E-09
      0.0000      0.0000    -17.0724    0.4384349E-09
      0.0000      0.0000    -16.4837    0.4542753E-09
      0.0000      0.0000    -15.8950    0.4751257E-09
      0.0000      0.0000    -15.3063    0.5032679E-09
      0.0000      0.0000    -14.7176    0.5365691E-09
      0.0000      0.0000    -14.1289    0.5839270E-09
      0.0000      0.0000    -13.5402    0.6315797E-09
      0.0000      0.0000    -12.9515    0.7182693E-09
      0.0000      0.0000    -12.3628    0.7739344E-09
      0.0000      0.0000    -11.7741    0.9808576E-09
      0.0000      0.0000    -11.1854    0.1013185E-08
      0.0000      0.0000    -10.5967    0.1799483E-08
      0.0000      0.0000    -10.0080    0.1965568E-08
      0.0000      0.0000     -9.4193    0.6837775E-08
      0.0000      0.0000     -8.8306    0.1215468E-07
      0.0000      0.0000     -8.2419    0.5424789E-07
      0.0000      0.0000     -7.6532    0.1416574E-06
      0.0000      0.0000     -7.0645    0.5771478E-06
      0.0000      0.0000     -6.4758    0.1769134E-05
      0.0000      0.0000     -5.8871    0.6727383E-05
      0.0000      0.0000     -5.2983    0.2218515E-04
      0.0000      0.0000     -4.7096    0.8243437E-04
      0.0000      0.0000     -4.1209    0.2857306E-03
      0.0000      0.0000     -3.5322    0.1079428E-02
      0.0000      0.0000     -2.9435    0.4001758E-02
      0.0000      0.0000     -2.3548    0.1629851E-01
      0.0000      0.0000     -1.7661    0.6846288E-01
      0.0000      0.0000     -1.1774    0.2840545E+00
      0.0000      0.0000     -0.5887    0.5376920E+00
      0.0000      0.0000      0.0000    0.2410203E+00
      0.0000      0.0000      0.5887    0.5376920E+00
      0.0000      0.0000      1.1774    0.2840545E+00
      0.0000      0.0000      1.7661    0.6846288E-01
      0.0000      0.0000      2.3548    0.1629851E-01
      0.0000      0.0000      2.9435    0.4001758E-02
      0.0000      0.0000      3.5322    0.1079428E-02
      0.0000      0.0000      4.1209    0.2857306E-03
      0.0000      0.0000      4.7096    0.8243437E-04
      0.0000      0.0000      5.2983    0.2218515E-04
      0.0000      0.0000      5.8871    0.6727383E-05
      0.0000      0.0000      6.4758    0.1769134E-05
      0.0000      0.0000      7.0645    0.5771478E-06
      0.0000      0.0000      7.6532    0.1416574E-06
      0.0000      0.0000      8.2419    0.5424789E-07
      0.0000      0.0000      8.8306    0.1215468E-07
      0.0000      0.0000      9.4193    0.6837775E-08
      0.0000      0.0000     10.0080    0.1965568E-08
      0.0000      0.0000     10.5967    0.1799483E-08
      0.0000      0.0000     11.1854    0.1013185E-08
      0.0000      0.0000     11.7741    0.9808576E-09
      0.0000      0.0000     12.3628    0.7739344E-09
      0.0000      0.0000     12.9515    0.7182693E-09
      0.0000      0.0000     13.5402    0.6315797E-09
      0.0000      0.0000     14.1289    0.5839270E-09
      0.0000      0.0000     14.7176    0.5365691E-09
      0.0000      0.0000     15.3063    0.5032679E-09
      0.0000      0.0000     15.8950    0.4751257E-09
      0.0000      0.0000     16.4837    0.4542753E-09
      0.0000      0.0000     17.0724    0.4384349E-09
      0.0000      0.0000     17.6611    0.4276196E-09
      0.0000      0.0000     18.2499    0.4212322E-09
      0.0000      0.0000     18.8386    0.4189441E-09
    -18.2499      0.0000      0.0000    0.7819791E-10
    -17.6611      0.0000      0.0000    0.8101140E-10
    -17.0724      0.0000      0.0000    0.8482877E-10
    -16.4837      0.0000      0.0000    0.8962635E-10
    -15.8950      0.0000      0.0000    0.9584157E-10
    -15.3063      0.0000      0.0000    0.1032587E-09
    -14.7176      0.0000      0.0000    0.1131285E-09
    -14.1289      0.0000      0.0000    0.1241220E-09
    -13.5402      0.0000      0.0000    0.1403593E-09
    -12.9515      0.0000      0.0000    0.1559155E-09
    -12.3628      0.0000      0.0000    0.1855014E-09
    -11.7741      0.0000      0.0000    0.2060954E-09
