      0.0000      0.0000    -18.2499    0.4194976E-09
      0.0000      0.0000    -17.6611    0.4258550E-09
      0.0000      0.0000    -17.0724    0.4366292E-09
      0.0000      0.0000    -16.4837    0.4523944E-09
      0.0000      0.0000    -15.8950    0.4731685E-09
      0.0000      0.0000    -15.3063    0.5011730E-09
      0.0000      0.0000    -14.7176    0.5343656E-09
      0.0000      0.0000    -14.1289    0.5814951E-09
      0.0000      0.0000    -13.5402    0.6290652E-09
      0.0000      0.0000    -12.9515    0.7154852E-09
      0.0000      0.0000    -12.3628    0.7716729E-09
      0.0000      0.0000    -11.7741    0.9795703E-09
      0.0000      0.0000    -11.1854    0.1018651E-08
      0.0000      0.0000    -10.5967    0.1822267E-08
      0.0000      0.0000    -10.0080    0.2056387E-08
      0.0000      0.0000     -9.4193    0.7120065E-08
      0.0000      0.0000     -8.8306    0.1310159E-07
      0.0000      0.0000     -8.2419    0.5712842E-07
      0.0000      0.0000     -7.6532    0.1508829E-06
      0.0000      0.0000     -7.0645    0.6048905E-06
      0.0000      0.0000     -6.4758    0.1854980E-05
      0.0000      0.0000     -5.8871    0.6978878E-05
      0.0000      0.0000     -5.2983    0.2292724E-04
      0.0000      0.0000     -4.7096    0.8448318E-04
      0.0000      0.0000     -4.1209    0.2912320E-03
      0.0000      0.0000     -3.5322    0.1092413E-02
      0.0000      0.0000     -2.9435    0.4027722E-02
      0.0000      0.0000     -2.3548    0.1632017E-01
      0.0000      0.0000     -1.7661    0.6832321E-01
      0.0000      0.0000     -1.1774    0.2827737E+00
      0.0000      0.0000     -0.5887    0.5333364E+00
      0.0000      0.0000      0.0000    0.2362889E+00
      0.0000      0.0000      0.5887    0.5333364E+00
      0.0000      0.0000      1.1774    0.2827737E+00
      0.0000      0.0000      1.7661    0.6832321E-01
      0.0000      0.0000      2.3548    0.1632017E-01
      0.0000      0.0000      2.9435    0.4027722E-02
      0.0000      0.0000      3.5322    0.1092413E-02
      0.0000      0.0000      4.1209    0.2912320E-03
      0.0000      0.0000      4.7096    0.8448318E-04
      0.0000      0.0000      5.2983    0.2292724E-04
      0.0000      0.0000      5.8871    0.6978878E-05
      0.0000      0.0000      6.4758    0.1854980E-05
      0.0000      0.0000      7.0645    0.6048905E-06
      0.0000      0.0000      7.6532    0.1508829E-06
      0.0000      0.0000      8.2419    0.5712842E-07
      0.0000      0.0000      8.8306    0.1310159E-07
      0.0000      0.0000      9.4193    0.7120065E-08
      0.0000      0.0000     10.0080    0.2056387E-08
      0.0000      0.0000     10.5967    0.1822267E-08
      0.0000      0.0000     11.1854    0.1018651E-08
      0.0000      0.0000     11.7741    0.9795703E-09
      0.0000      0.0000     12.3628    0.7716729E-09
      0.0000      0.0000     12.9515    0.7154852E-09
      0.0000      0.0000     13.5402    0.6290652E-09
      0.0000      0.0000     14.1289    0.5814951E-09
      0.0000      0.0000     14.7176    0.5343656E-09
      0.0000      0.0000     15.3063    0.5011730E-09
      0.0000      0.0000     15.8950    0.4731685E-09
      0.0000      0.0000     16.4837    0.4523944E-09
      0.0000      0.0000     17.0724    0.4366292E-09
      0.0000      0.0000     17.6611    0.4258550E-09
      0.0000      0.0000     18.2499    0.4194976E-09
      0.0000      0.0000     18.8386    0.4172180E-09
    -18.2499      0.0000      0.0000    0.6989272E-10
    -17.6611      0.0000      0.0000    0.7260822E-10
    -17.0724      0.0000      0.0000    0.7618300E-10
    -16.4837      0.0000      0.0000    0.8070720E-10
    -15.8950      0.0000      0.0000    0.8644454E-10
    -15.3063      0.0000      0.0000    0.9345974E-10
    -14.7176      0.0000      0.0000    0.1024078E-09
    -14.1289      0.0000      0.0000    0.1130626E-09
    -13.5402      0.0000      0.0000    0.1272485E-09
    -12.9515      0.0000      0.0000    0.1434557E-09
    -12.3628      0.0000      0.0000    0.1671716E-09
    -11.7741      0.0000      0.0000    0.1931434E-09
