      0.0000      0.0000    -18.2499    0.4170695E-09
      0.0000      0.0000    -17.6611    0.4233921E-09
      0.0000      0.0000    -17.0724    0.4341054E-09
      0.0000      0.0000    -16.4837    0.4497853E-09
      0.0000      0.0000    -15.8950    0.4704408E-09
      0.0000      0.0000    -15.3063    0.4982986E-09
      0.0000      0.0000    -14.7176    0.5312937E-09
      0.0000      0.0000    -14.1289    0.5781946E-09
      0.0000      0.0000    -13.5402    0.6254357E-09
      0.0000      0.0000    -12.9515    0.7115004E-09
      0.0000      0.0000    -12.3628    0.7670267E-09
      0.0000      0.0000    -11.7741    0.9742029E-09
      0.0000      0.0000    -11.1854    0.1011003E-08
      0.0000      0.0000    -10.5967    0.1811161E-08
      0.0000      0.0000    -10.0080    0.2030721E-08
      0.0000      0.0000     -9.4193    0.7063177E-08
      0.0000      0.0000     -8.8306    0.1292227E-07
      0.0000      0.0000     -8.2419    0.5663975E-07
      0.0000      0.0000     -7.6532    0.1493051E-06
      0.0000      0.0000     -7.0645    0.6003921E-06
      0.0000      0.0000     -6.4758    0.1841065E-05
      0.0000      0.0000     -5.8871    0.6939806E-05
      0.0000      0.0000     -5.2983    0.2281427E-04
      0.0000      0.0000     -4.7096    0.8418746E-04
      0.0000      0.0000     -4.1209    0.2904803E-03
      0.0000      0.0000     -3.5322    0.1090802E-02
      0.0000      0.0000     -2.9435    0.4024929E-02
      0.0000      0.0000     -2.3548    0.1631838E-01
      0.0000      0.0000     -1.7661    0.6833437E-01
      0.0000      0.0000     -1.1774    0.2829027E+00
      0.0000      0.0000     -0.5887    0.5340909E+00
      0.0000      0.0000      0.0000    0.2373562E+00
      0.0000      0.0000      0.5887    0.5340909E+00
      0.0000      0.0000      1.1774    0.2829027E+00
      0.0000      0.0000      1.7661    0.6833437E-01
      0.0000      0.0000      2.3548    0.1631838E-01
      0.0000      0.0000      2.9435    0.4024929E-02
      0.0000      0.0000      3.5322    0.1090802E-02
      0.0000      0.0000      4.1209    0.2904803E-03
      0.0000      0.0000      4.7096    0.8418746E-04
      0.0000      0.0000      5.2983    0.2281427E-04
      0.0000      0.0000      5.8871    0.6939806E-05
      0.0000      0.0000      6.4758    0.1841065E-05
      0.0000      0.0000      7.0645    0.6003921E-06
      0.0000      0.0000      7.6532    0.1493051E-06
      0.0000      0.0000      8.2419    0.5663975E-07
      0.0000      0.0000      8.8306    0.1292227E-07
      0.0000      0.0000      9.4193    0.7063177E-08
      0.0000      0.0000     10.0080    0.2030721E-08
      0.0000      0.0000     10.5967    0.1811161E-08
      0.0000      0.0000     11.1854    0.1011003E-08
      0.0000      0.0000     11.7741    0.9742029E-09
      0.0000      0.0000     12.3628    0.7670267E-09
      0.0000      0.0000     12.9515    0.7115004E-09
      0.0000      0.0000     13.5402    0.6254357E-09
      0.0000      0.0000     14.1289    0.5781946E-09
      0.0000      0.0000     14.7176    0.5312937E-09
      0.0000      0.0000     15.3063    0.4982986E-09
      0.0000      0.0000     15.8950    0.4704408E-09
      0.0000      0.0000     16.4837    0.4497853E-09
      0.0000      0.0000     17.0724    0.4341054E-09
      0.0000      0.0000     17.6611    0.4233921E-09
      0.0000      0.0000     18.2499    0.4170695E-09
      0.0000      0.0000     18.8386    0.4148033E-09
    -18.2499      0.0000      0.0000    0.7421721E-10
    -17.6611      0.0000      0.0000    0.7706621E-10
    -17.0724      0.0000      0.0000    0.8083353E-10
    -16.4837      0.0000      0.0000    0.8560641E-10
    -15.8950      0.0000      0.0000    0.9165664E-10
    -15.3063      0.0000      0.0000    0.9907063E-10
    -14.7176      0.0000      0.0000    0.1084990E-09
    -14.1289      0.0000      0.0000    0.1197862E-09
    -13.5402      0.0000      0.0000    0.1346828E-09
    -12.9515      0.0000      0.0000    0.1519519E-09
    -12.3628      0.0000      0.0000    0.1766358E-09
    -11.7741      0.0000      0.0000    0.2046908E-09
