      0.0000      0.0000    -18.2499    0.4193540E-09
      0.0000      0.0000    -17.6611    0.4257094E-09
      0.0000      0.0000    -17.0724    0.4364799E-09
      0.0000      0.0000    -16.4837    0.4522402E-09
      0.0000      0.0000    -15.8950    0.4730071E-09
      0.0000      0.0000    -15.3063    0.5010033E-09
      0.0000      0.0000    -14.7176    0.5341835E-09
      0.0000      0.0000    -14.1289    0.5813012E-09
      0.0000      0.0000    -13.5402    0.6288488E-09
      0.0000      0.0000    -12.9515    0.7152563E-09
      0.0000      0.0000    -12.3628    0.7713937E-09
      0.0000      0.0000    -11.7741    0.9792924E-09
      0.0000      0.0000    -11.1854    0.1018212E-08
      0.0000      0.0000    -10.5967    0.1821887E-08
      0.0000      0.0000    -10.0080    0.2055269E-08
      0.0000      0.0000     -9.4193    0.7118998E-08
      0.0000      0.0000     -8.8306    0.1309620E-07
      0.0000      0.0000     -8.2419    0.5712049E-07
      0.0000      0.0000     -7.6532    0.1508466E-06
      0.0000      0.0000     -7.0645    0.6048229E-06
      0.0000      0.0000     -6.4758    0.1854734E-05
      0.0000      0.0000     -5.8871    0.6978432E-05
      0.0000      0.0000     -5.2983    0.2292605E-04
      0.0000      0.0000     -4.7096    0.8448253E-04
      0.0000      0.0000     -4.1209    0.2912361E-03
      0.0000      0.0000     -3.5322    0.1092457E-02
      0.0000      0.0000     -2.9435    0.4027929E-02
      0.0000      0.0000     -2.3548    0.1632095E-01
      0.0000      0.0000     -1.7661    0.6832504E-01
      0.0000      0.0000     -1.1774    0.2827793E+00
      0.0000      0.0000     -0.5887    0.5333848E+00
      0.0000      0.0000      0.0000    0.2363788E+00
      0.0000      0.0000      0.5887    0.5333848E+00
      0.0000      0.0000      1.1774    0.2827793E+00
      0.0000      0.0000      1.7661    0.6832504E-01
      0.0000      0.0000      2.3548    0.1632095E-01
      0.0000      0.0000      2.9435    0.4027929E-02
      0.0000      0.0000      3.5322    0.1092457E-02
      0.0000      0.0000      4.1209    0.2912361E-03
      0.0000      0.0000      4.7096    0.8448253E-04
      0.0000      0.0000      5.2983    0.2292605E-04
      0.0000      0.0000      5.8871    0.6978432E-05
      0.0000      0.0000      6.4758    0.1854734E-05
      0.0000      0.0000      7.0645    0.6048229E-06
      0.0000      0.0000      7.6532    0.1508466E-06
      0.0000      0.0000      8.2419    0.5712049E-07
      0.0000      0.0000      8.8306    0.1309620E-07
      0.0000      0.0000      9.4193    0.7118998E-08
      0.0000      0.0000     10.0080    0.2055269E-08
      0.0000      0.0000     10.5967    0.1821887E-08
      0.0000      0.0000     11.1854    0.1018212E-08
      0.0000      0.0000     11.7741    0.9792924E-09
      0.0000      0.0000     12.3628    0.7713937E-09
      0.0000      0.0000     12.9515    0.7152563E-09
      0.0000      0.0000     13.5402    0.6288488E-09
      0.0000      0.0000     14.1289    0.5813012E-09
      0.0000      0.0000     14.7176    0.5341835E-09
      0.0000      0.0000     15.3063    0.5010033E-09
      0.0000      0.0000     15.8950    0.4730071E-09
      0.0000      0.0000     16.4837    0.4522402E-09
      0.0000      0.0000     17.0724    0.4364799E-09
      0.0000      0.0000     17.6611    0.4257094E-09
      0.0000      0.0000     18.2499    0.4193540E-09
      0.0000      0.0000     18.8386    0.4170752E-09
    -18.2499      0.0000      0.0000    0.7031451E-10
    -17.6611      0.0000      0.0000    0.7304392E-10
    -17.0724      0.0000      0.0000    0.7663814E-10
    -16.4837      0.0000      0.0000    0.8118766E-10
    -15.8950      0.0000      0.0000    0.8695608E-10
    -15.3063      0.0000      0.0000    0.9401208E-10
    -14.7176      0.0000      0.0000    0.1030067E-09
    -14.1289      0.0000      0.0000    0.1137280E-09
    -13.5402      0.0000      0.0000    0.1279783E-09
    -12.9515      0.0000      0.0000    0.1443053E-09
    -12.3628      0.0000      0.0000    0.1680885E-09
    -11.7741      0.0000      0.0000    0.1943258E-09
