      0.0000      0.0000    -18.2499    0.4207362E-09
      0.0000      0.0000    -17.6611    0.4271115E-09
      0.0000      0.0000    -17.0724    0.4379171E-09
      0.0000      0.0000    -16.4837    0.4537256E-09
      0.0000      0.0000    -15.8950    0.4745620E-09
      0.0000      0.0000    -15.3063    0.5026385E-09
      0.0000      0.0000    -14.7176    0.5359396E-09
      0.0000      0.0000    -14.1289    0.5831691E-09
      0.0000      0.0000    -13.5402    0.6309362E-09
      0.0000      0.0000    -12.9515    0.7174493E-09
      0.0000      0.0000    -12.3628    0.7740616E-09
      0.0000      0.0000    -11.7741    0.9818213E-09
      0.0000      0.0000    -11.1854    0.1022047E-08
      0.0000      0.0000    -10.5967    0.1824048E-08
      0.0000      0.0000    -10.0080    0.2061623E-08
      0.0000      0.0000     -9.4193    0.7114695E-08
      0.0000      0.0000     -8.8306    0.1310346E-07
      0.0000      0.0000     -8.2419    0.5705665E-07
      0.0000      0.0000     -7.6532    0.1507650E-06
      0.0000      0.0000     -7.0645    0.6041630E-06
      0.0000      0.0000     -6.4758    0.1853142E-05
      0.0000      0.0000     -5.8871    0.6971087E-05
      0.0000      0.0000     -5.2983    0.2290370E-04
      0.0000      0.0000     -4.7096    0.8439507E-04
      0.0000      0.0000     -4.1209    0.2909454E-03
      0.0000      0.0000     -3.5322    0.1091409E-02
      0.0000      0.0000     -2.9435    0.4024523E-02
      0.0000      0.0000     -2.3548    0.1631080E-01
      0.0000      0.0000     -1.7661    0.6830336E-01
      0.0000      0.0000     -1.1774    0.2827389E+00
      0.0000      0.0000     -0.5887    0.5330226E+00
      0.0000      0.0000      0.0000    0.2355897E+00
      0.0000      0.0000      0.5887    0.5330226E+00
      0.0000      0.0000      1.1774    0.2827389E+00
      0.0000      0.0000      1.7661    0.6830336E-01
      0.0000      0.0000      2.3548    0.1631080E-01
      0.0000      0.0000      2.9435    0.4024523E-02
      0.0000      0.0000      3.5322    0.1091409E-02
      0.0000      0.0000      4.1209    0.2909454E-03
      0.0000      0.0000      4.7096    0.8439507E-04
      0.0000      0.0000      5.2983    0.2290370E-04
      0.0000      0.0000      5.8871    0.6971087E-05
      0.0000      0.0000      6.4758    0.1853142E-05
      0.0000      0.0000      7.0645    0.6041630E-06
      0.0000      0.0000      7.6532    0.1507650E-06
      0.0000      0.0000      8.2419    0.5705665E-07
      0.0000      0.0000      8.8306    0.1310346E-07
      0.0000      0.0000      9.4193    0.7114695E-08
      0.0000      0.0000     10.0080    0.2061623E-08
      0.0000      0.0000     10.5967    0.1824048E-08
      0.0000      0.0000     11.1854    0.1022047E-08
      0.0000      0.0000     11.7741    0.9818213E-09
      0.0000      0.0000     12.3628    0.7740616E-09
      0.0000      0.0000     12.9515    0.7174493E-09
      0.0000      0.0000     13.5402    0.6309362E-09
      0.0000      0.0000     14.1289    0.5831691E-09
      0.0000      0.0000     14.7176    0.5359396E-09
      0.0000      0.0000     15.3063    0.5026385E-09
      0.0000      0.0000     15.8950    0.4745620E-09
      0.0000      0.0000     16.4837    0.4537256E-09
      0.0000      0.0000     17.0724    0.4379171E-09
      0.0000      0.0000     17.6611    0.4271115E-09
      0.0000      0.0000     18.2499    0.4207362E-09
      0.0000      0.0000     18.8386    0.4184497E-09
    -18.2499      0.0000      0.0000    0.6671475E-10
    -17.6611      0.0000      0.0000    0.6931664E-10
    -17.0724      0.0000      0.0000    0.7273685E-10
    -16.4837      0.0000      0.0000    0.7705946E-10
    -15.8950      0.0000      0.0000    0.8255368E-10
    -15.3063      0.0000      0.0000    0.8924436E-10
    -14.7176      0.0000      0.0000    0.9783523E-10
    -14.1289      0.0000      0.0000    0.1079523E-09
    -13.5402      0.0000      0.0000    0.1216677E-09
    -12.9515      0.0000      0.0000    0.1368666E-09
    -12.3628      0.0000      0.0000    0.1602056E-09
    -11.7741      0.0000      0.0000    0.1837978E-09
