      0.0000      0.0000    -18.2499    0.4176023E-09
      0.0000      0.0000    -17.6611    0.4239345E-09
      0.0000      0.0000    -17.0724    0.4346603E-09
      0.0000      0.0000    -16.4837    0.4503637E-09
      0.0000      0.0000    -15.8950    0.4710429E-09
      0.0000      0.0000    -15.3063    0.4989420E-09
      0.0000      0.0000    -14.7176    0.5319729E-09
      0.0000      0.0000    -14.1289    0.5789335E-09
      0.0000      0.0000    -13.5402    0.6262086E-09
      0.0000      0.0000    -12.9515    0.7122820E-09
      0.0000      0.0000    -12.3628    0.7676323E-09
      0.0000      0.0000    -11.7741    0.9739725E-09
      0.0000      0.0000    -11.1854    0.1008039E-08
      0.0000      0.0000    -10.5967    0.1798555E-08
      0.0000      0.0000    -10.0080    0.1988413E-08
      0.0000      0.0000     -9.4193    0.6924301E-08
      0.0000      0.0000     -8.8306    0.1248386E-07
      0.0000      0.0000     -8.2419    0.5526608E-07
      0.0000      0.0000     -7.6532    0.1450398E-06
      0.0000      0.0000     -7.0645    0.5873674E-06
      0.0000      0.0000     -6.4758    0.1801477E-05
      0.0000      0.0000     -5.8871    0.6822717E-05
      0.0000      0.0000     -5.2983    0.2247196E-04
      0.0000      0.0000     -4.7096    0.8323212E-04
      0.0000      0.0000     -4.1209    0.2879118E-03
      0.0000      0.0000     -3.5322    0.1084588E-02
      0.0000      0.0000     -2.9435    0.4012071E-02
      0.0000      0.0000     -2.3548    0.1630467E-01
      0.0000      0.0000     -1.7661    0.6838556E-01
      0.0000      0.0000     -1.1774    0.2833919E+00
      0.0000      0.0000     -0.5887    0.5354771E+00
      0.0000      0.0000      0.0000    0.2385162E+00
      0.0000      0.0000      0.5887    0.5354771E+00
      0.0000      0.0000      1.1774    0.2833919E+00
      0.0000      0.0000      1.7661    0.6838556E-01
      0.0000      0.0000      2.3548    0.1630467E-01
      0.0000      0.0000      2.9435    0.4012071E-02
      0.0000      0.0000      3.5322    0.1084588E-02
      0.0000      0.0000      4.1209    0.2879118E-03
      0.0000      0.0000      4.7096    0.8323212E-04
      0.0000      0.0000      5.2983    0.2247196E-04
      0.0000      0.0000      5.8871    0.6822717E-05
      0.0000      0.0000      6.4758    0.1801477E-05
      0.0000      0.0000      7.0645    0.5873674E-06
      0.0000      0.0000      7.6532    0.1450398E-06
      0.0000      0.0000      8.2419    0.5526608E-07
      0.0000      0.0000      8.8306    0.1248386E-07
      0.0000      0.0000      9.4193    0.6924301E-08
      0.0000      0.0000     10.0080    0.1988413E-08
      0.0000      0.0000     10.5967    0.1798555E-08
      0.0000      0.0000     11.1854    0.1008039E-08
      0.0000      0.0000     11.7741    0.9739725E-09
      0.0000      0.0000     12.3628    0.7676323E-09
      0.0000      0.0000     12.9515    0.7122820E-09
      0.0000      0.0000     13.5402    0.6262086E-09
      0.0000      0.0000     14.1289    0.5789335E-09
      0.0000      0.0000     14.7176    0.5319729E-09
      0.0000      0.0000     15.3063    0.4989420E-09
      0.0000      0.0000     15.8950    0.4710429E-09
      0.0000      0.0000     16.4837    0.4503637E-09
      0.0000      0.0000     17.0724    0.4346603E-09
      0.0000      0.0000     17.6611    0.4239345E-09
      0.0000      0.0000     18.2499    0.4176023E-09
      0.0000      0.0000     18.8386    0.4153337E-09
    -18.2499      0.0000      0.0000    0.7611749E-10
    -17.6611      0.0000      0.0000    0.7899498E-10
    -17.0724      0.0000      0.0000    0.8283034E-10
    -16.4837      0.0000      0.0000    0.8767509E-10
    -15.8950      0.0000      0.0000    0.9385159E-10
    -15.3063      0.0000      0.0000    0.1013653E-09
    -14.7176      0.0000      0.0000    0.1110371E-09
    -14.1289      0.0000      0.0000    0.1223954E-09
    -13.5402      0.0000      0.0000    0.1378470E-09
    -12.9515      0.0000      0.0000    0.1548947E-09
    -12.3628      0.0000      0.0000    0.1812205E-09
    -11.7741      0.0000      0.0000    0.2077432E-09
