      0.0000      0.0000    -18.2499    0.4205292E-09
      0.0000      0.0000    -17.6611    0.4269015E-09
      0.0000      0.0000    -17.0724    0.4377018E-09
      0.0000      0.0000    -16.4837    0.4535030E-09
      0.0000      0.0000    -15.8950    0.4743287E-09
      0.0000      0.0000    -15.3063    0.5023935E-09
      0.0000      0.0000    -14.7176    0.5356755E-09
      0.0000      0.0000    -14.1289    0.5828899E-09
      0.0000      0.0000    -13.5402    0.6306208E-09
      0.0000      0.0000    -12.9515    0.7171264E-09
      0.0000      0.0000    -12.3628    0.7736566E-09
      0.0000      0.0000    -11.7741    0.9814825E-09
      0.0000      0.0000    -11.1854    0.1021498E-08
      0.0000      0.0000    -10.5967    0.1824034E-08
      0.0000      0.0000    -10.0080    0.2061234E-08
      0.0000      0.0000     -9.4193    0.7118033E-08
      0.0000      0.0000     -8.8306    0.1310919E-07
      0.0000      0.0000     -8.2419    0.5709125E-07
      0.0000      0.0000     -7.6532    0.1508491E-06
      0.0000      0.0000     -7.0645    0.6044988E-06
      0.0000      0.0000     -6.4758    0.1854086E-05
      0.0000      0.0000     -5.8871    0.6974372E-05
      0.0000      0.0000     -5.2983    0.2291348E-04
      0.0000      0.0000     -4.7096    0.8442697E-04
      0.0000      0.0000     -4.1209    0.2910415E-03
      0.0000      0.0000     -3.5322    0.1091706E-02
      0.0000      0.0000     -2.9435    0.4025384E-02
      0.0000      0.0000     -2.3548    0.1631310E-01
      0.0000      0.0000     -1.7661    0.6830808E-01
      0.0000      0.0000     -1.1774    0.2827452E+00
      0.0000      0.0000     -0.5887    0.5330743E+00
      0.0000      0.0000      0.0000    0.2357245E+00
      0.0000      0.0000      0.5887    0.5330743E+00
      0.0000      0.0000      1.1774    0.2827452E+00
      0.0000      0.0000      1.7661    0.6830808E-01
      0.0000      0.0000      2.3548    0.1631310E-01
      0.0000      0.0000      2.9435    0.4025384E-02
      0.0000      0.0000      3.5322    0.1091706E-02
      0.0000      0.0000      4.1209    0.2910415E-03
      0.0000      0.0000      4.7096    0.8442697E-04
      0.0000      0.0000      5.2983    0.2291348E-04
      0.0000      0.0000      5.8871    0.6974372E-05
      0.0000      0.0000      6.4758    0.1854086E-05
      0.0000      0.0000      7.0645    0.6044988E-06
      0.0000      0.0000      7.6532    0.1508491E-06
      0.0000      0.0000      8.2419    0.5709125E-07
      0.0000      0.0000      8.8306    0.1310919E-07
      0.0000      0.0000      9.4193    0.7118033E-08
      0.0000      0.0000     10.0080    0.2061234E-08
      0.0000      0.0000     10.5967    0.1824034E-08
      0.0000      0.0000     11.1854    0.1021498E-08
      0.0000      0.0000     11.7741    0.9814825E-09
      0.0000      0.0000     12.3628    0.7736566E-09
      0.0000      0.0000     12.9515    0.7171264E-09
      0.0000      0.0000     13.5402    0.6306208E-09
      0.0000      0.0000     14.1289    0.5828899E-09
      0.0000      0.0000     14.7176    0.5356755E-09
      0.0000      0.0000     15.3063    0.5023935E-09
      0.0000      0.0000     15.8950    0.4743287E-09
      0.0000      0.0000     16.4837    0.4535030E-09
      0.0000      0.0000     17.0724    0.4377018E-09
      0.0000      0.0000     17.6611    0.4269015E-09
      0.0000      0.0000     18.2499    0.4205292E-09
      0.0000      0.0000     18.8386    0.4182438E-09
    -18.2499      0.0000      0.0000    0.6736481E-10
    -17.6611      0.0000      0.0000    0.6999116E-10
    -17.0724      0.0000      0.0000    0.7344414E-10
    -16.4837      0.0000      0.0000    0.7780953E-10
    -15.8950      0.0000      0.0000    0.8335464E-10
    -15.3063      0.0000      0.0000    0.9011422E-10
    -14.7176      0.0000      0.0000    0.9877869E-10
    -14.1289      0.0000      0.0000    0.1090115E-09
    -13.5402      0.0000      0.0000    0.1228195E-09
    -12.9515      0.0000      0.0000    0.1382422E-09
    -12.3628      0.0000      0.0000    0.1616334E-09
    -11.7741      0.0000      0.0000    0.1857782E-09
