      0.0000      0.0000    -18.2499    0.4190149E-09
      0.0000      0.0000    -17.6611    0.4253655E-09
      0.0000      0.0000    -17.0724    0.4361275E-09
      0.0000      0.0000    -16.4837    0.4518760E-09
      0.0000      0.0000    -15.8950    0.4726261E-09
      0.0000      0.0000    -15.3063    0.5006025E-09
      0.0000      0.0000    -14.7176    0.5337539E-09
      0.0000      0.0000    -14.1289    0.5808428E-09
      0.0000      0.0000    -13.5402    0.6283391E-09
      0.0000      0.0000    -12.9515    0.7147110E-09
      0.0000      0.0000    -12.3628    0.7707354E-09
      0.0000      0.0000    -11.7741    0.9786040E-09
      0.0000      0.0000    -11.1854    0.1017147E-08
      0.0000      0.0000    -10.5967    0.1820747E-08
      0.0000      0.0000    -10.0080    0.2052177E-08
      0.0000      0.0000     -9.4193    0.7114379E-08
      0.0000      0.0000     -8.8306    0.1307825E-07
      0.0000      0.0000     -8.2419    0.5708254E-07
      0.0000      0.0000     -7.6532    0.1507072E-06
      0.0000      0.0000     -7.0645    0.6044845E-06
      0.0000      0.0000     -6.4758    0.1853634E-05
      0.0000      0.0000     -5.8871    0.6975748E-05
      0.0000      0.0000     -5.2983    0.2291849E-04
      0.0000      0.0000     -4.7096    0.8446680E-04
      0.0000      0.0000     -4.1209    0.2912057E-03
      0.0000      0.0000     -3.5322    0.1092451E-02
      0.0000      0.0000     -2.9435    0.4028138E-02
      0.0000      0.0000     -2.3548    0.1632220E-01
      0.0000      0.0000     -1.7661    0.6832904E-01
      0.0000      0.0000     -1.1774    0.2827960E+00
      0.0000      0.0000     -0.5887    0.5334983E+00
      0.0000      0.0000      0.0000    0.2365701E+00
      0.0000      0.0000      0.5887    0.5334983E+00
      0.0000      0.0000      1.1774    0.2827960E+00
      0.0000      0.0000      1.7661    0.6832904E-01
      0.0000      0.0000      2.3548    0.1632220E-01
      0.0000      0.0000      2.9435    0.4028138E-02
      0.0000      0.0000      3.5322    0.1092451E-02
      0.0000      0.0000      4.1209    0.2912057E-03
      0.0000      0.0000      4.7096    0.8446680E-04
      0.0000      0.0000      5.2983    0.2291849E-04
      0.0000      0.0000      5.8871    0.6975748E-05
      0.0000      0.0000      6.4758    0.1853634E-05
      0.0000      0.0000      7.0645    0.6044845E-06
      0.0000      0.0000      7.6532    0.1507072E-06
      0.0000      0.0000      8.2419    0.5708254E-07
      0.0000      0.0000      8.8306    0.1307825E-07
      0.0000      0.0000      9.4193    0.7114379E-08
      0.0000      0.0000     10.0080    0.2052177E-08
      0.0000      0.0000     10.5967    0.1820747E-08
      0.0000      0.0000     11.1854    0.1017147E-08
      0.0000      0.0000     11.7741    0.9786040E-09
      0.0000      0.0000     12.3628    0.7707354E-09
      0.0000      0.0000     12.9515    0.7147110E-09
      0.0000      0.0000     13.5402    0.6283391E-09
      0.0000      0.0000     14.1289    0.5808428E-09
      0.0000      0.0000     14.7176    0.5337539E-09
      0.0000      0.0000     15.3063    0.5006025E-09
      0.0000      0.0000     15.8950    0.4726261E-09
      0.0000      0.0000     16.4837    0.4518760E-09
      0.0000      0.0000     17.0724    0.4361275E-09
      0.0000      0.0000     17.6611    0.4253655E-09
      0.0000      0.0000     18.2499    0.4190149E-09
      0.0000      0.0000     18.8386    0.4167380E-09
    -18.2499      0.0000      0.0000    0.7124327E-10
    -17.6611      0.0000      0.0000    0.7400244E-10
    -17.0724      0.0000      0.0000    0.7763866E-10
    -16.4837      0.0000      0.0000    0.8224286E-10
    -15.8950      0.0000      0.0000    0.8807887E-10
    -15.3063      0.0000      0.0000    0.9522297E-10
    -14.7176      0.0000      0.0000    0.1043194E-09
    -14.1289      0.0000      0.0000    0.1151835E-09
    -13.5402      0.0000      0.0000    0.1295773E-09
    -12.9515      0.0000      0.0000    0.1461571E-09
    -12.3628      0.0000      0.0000    0.1701021E-09
    -11.7741      0.0000      0.0000    0.1968853E-09
