      0.0000      0.0000    -18.2499    0.4193546E-09
      0.0000      0.0000    -17.6611    0.4257098E-09
      0.0000      0.0000    -17.0724    0.4364805E-09
      0.0000      0.0000    -16.4837    0.4522403E-09
      0.0000      0.0000    -15.8950    0.4730078E-09
      0.0000      0.0000    -15.3063    0.5010023E-09
      0.0000      0.0000    -14.7176    0.5341853E-09
      0.0000      0.0000    -14.1289    0.5812968E-09
      0.0000      0.0000    -13.5402    0.6288562E-09
      0.0000      0.0000    -12.9515    0.7152394E-09
      0.0000      0.0000    -12.3628    0.7714293E-09
      0.0000      0.0000    -11.7741    0.9792318E-09
      0.0000      0.0000    -11.1854    0.1018391E-08
      0.0000      0.0000    -10.5967    0.1821695E-08
      0.0000      0.0000    -10.0080    0.2056209E-08
      0.0000      0.0000     -9.4193    0.7118579E-08
      0.0000      0.0000     -8.8306    0.1310115E-07
      0.0000      0.0000     -8.2419    0.5712018E-07
      0.0000      0.0000     -7.6532    0.1508685E-06
      0.0000      0.0000     -7.0645    0.6048083E-06
      0.0000      0.0000     -6.4758    0.1854741E-05
      0.0000      0.0000     -5.8871    0.6977931E-05
      0.0000      0.0000     -5.2983    0.2292422E-04
      0.0000      0.0000     -4.7096    0.8447287E-04
      0.0000      0.0000     -4.1209    0.2912000E-03
      0.0000      0.0000     -3.5322    0.1092312E-02
      0.0000      0.0000     -2.9435    0.4027435E-02
      0.0000      0.0000     -2.3548    0.1631942E-01
      0.0000      0.0000     -1.7661    0.6832201E-01
      0.0000      0.0000     -1.1774    0.2827733E+00
      0.0000      0.0000     -0.5887    0.5333271E+00
      0.0000      0.0000      0.0000    0.2362637E+00
      0.0000      0.0000      0.5887    0.5333271E+00
      0.0000      0.0000      1.1774    0.2827733E+00
      0.0000      0.0000      1.7661    0.6832201E-01
      0.0000      0.0000      2.3548    0.1631942E-01
      0.0000      0.0000      2.9435    0.4027435E-02
      0.0000      0.0000      3.5322    0.1092312E-02
      0.0000      0.0000      4.1209    0.2912000E-03
      0.0000      0.0000      4.7096    0.8447287E-04
      0.0000      0.0000      5.2983    0.2292422E-04
      0.0000      0.0000      5.8871    0.6977931E-05
      0.0000      0.0000      6.4758    0.1854741E-05
      0.0000      0.0000      7.0645    0.6048083E-06
      0.0000      0.0000      7.6532    0.1508685E-06
      0.0000      0.0000      8.2419    0.5712018E-07
      0.0000      0.0000      8.8306    0.1310115E-07
      0.0000      0.0000      9.4193    0.7118579E-08
      0.0000      0.0000     10.0080    0.2056209E-08
      0.0000      0.0000     10.5967    0.1821695E-08
      0.0000      0.0000     11.1854    0.1018391E-08
      0.0000      0.0000     11.7741    0.9792318E-09
      0.0000      0.0000     12.3628    0.7714293E-09
      0.0000      0.0000     12.9515    0.7152394E-09
      0.0000      0.0000     13.5402    0.6288562E-09
      0.0000      0.0000     14.1289    0.5812968E-09
      0.0000      0.0000     14.7176    0.5341853E-09
      0.0000      0.0000     15.3063    0.5010023E-09
      0.0000      0.0000     15.8950    0.4730078E-09
      0.0000      0.0000     16.4837    0.4522403E-09
      0.0000      0.0000     17.0724    0.4364805E-09
      0.0000      0.0000     17.6611    0.4257098E-09
      0.0000      0.0000     18.2499    0.4193546E-09
      0.0000      0.0000     18.8386    0.4170758E-09
    -18.2499      0.0000      0.0000    0.6929685E-10
    -17.6611      0.0000      0.0000    0.7199368E-10
    -17.0724      0.0000      0.0000    0.7554234E-10
    -16.4837      0.0000      0.0000    0.8003219E-10
    -15.8950      0.0000      0.0000    0.8572751E-10
    -15.3063      0.0000      0.0000    0.9268695E-10
    -14.7176      0.0000      0.0000    0.1015725E-09
    -14.1289      0.0000      0.0000    0.1121356E-09
    -13.5402      0.0000      0.0000    0.1262372E-09
    -12.9515      0.0000      0.0000    0.1422759E-09
    -12.3628      0.0000      0.0000    0.1659149E-09
    -11.7741      0.0000      0.0000    0.1914986E-09
