      0.0000      0.0000    -18.2499    0.3136122E-09
      0.0000      0.0000    -17.6611    0.3200434E-09
      0.0000      0.0000    -17.0724    0.3267211E-09
      0.0000      0.0000    -16.4837    0.3474193E-09
      0.0000      0.0000    -15.8950    0.3567602E-09
      0.0000      0.0000    -15.3063    0.4079698E-09
      0.0000      0.0000    -14.7176    0.4168452E-09
      0.0000      0.0000    -14.1289    0.5420523E-09
      0.0000      0.0000    -13.5402    0.5490891E-09
      0.0000      0.0000    -12.9515    0.8714307E-09
      0.0000      0.0000    -12.3628    0.9006760E-09
      0.0000      0.0000    -11.7741    0.1815285E-08
      0.0000      0.0000    -11.1854    0.2081323E-08
      0.0000      0.0000    -10.5967    0.5160742E-08
      0.0000      0.0000    -10.0080    0.7317558E-08
      0.0000      0.0000     -9.4193    0.2087705E-07
      0.0000      0.0000     -8.8306    0.3893651E-07
      0.0000      0.0000     -8.2419    0.1217492E-06
      0.0000      0.0000     -7.6532    0.2918339E-06
      0.0000      0.0000     -7.0645    0.9697300E-06
      0.0000      0.0000     -6.4758    0.2768717E-05
      0.0000      0.0000     -5.8871    0.9539889E-05
      0.0000      0.0000     -5.2983    0.3014930E-04
      0.0000      0.0000     -4.7096    0.1062010E-03
      0.0000      0.0000     -4.1209    0.3566682E-03
      0.0000      0.0000     -3.5322    0.1292311E-02
      0.0000      0.0000     -2.9435    0.4622211E-02
      0.0000      0.0000     -2.3548    0.1792730E-01
      0.0000      0.0000     -1.7661    0.7135149E-01
      0.0000      0.0000     -1.1774    0.2767686E+00
      0.0000      0.0000     -0.5887    0.4995938E+00
      0.0000      0.0000      0.0000    0.2292640E+00
      0.0000      0.0000      0.5887    0.4995938E+00
      0.0000      0.0000      1.1774    0.2767686E+00
      0.0000      0.0000      1.7661    0.7135149E-01
      0.0000      0.0000      2.3548    0.1792730E-01
      0.0000      0.0000      2.9435    0.4622211E-02
      0.0000      0.0000      3.5322    0.1292311E-02
      0.0000      0.0000      4.1209    0.3566682E-03
      0.0000      0.0000      4.7096    0.1062010E-03
      0.0000      0.0000      5.2983    0.3014930E-04
      0.0000      0.0000      5.8871    0.9539889E-05
      0.0000      0.0000      6.4758    0.2768717E-05
      0.0000      0.0000      7.0645    0.9697300E-06
      0.0000      0.0000      7.6532    0.2918340E-06
      0.0000      0.0000      8.2419    0.1217493E-06
      0.0000      0.0000      8.8306    0.3893654E-07
      0.0000      0.0000      9.4193    0.2087709E-07
      0.0000      0.0000     10.0080    0.7317593E-08
      0.0000      0.0000     10.5967    0.5160784E-08
      0.0000      0.0000     11.1854    0.2081358E-08
      0.0000      0.0000     11.7741    0.1815332E-08
      0.0000      0.0000     12.3628    0.9007105E-09
      0.0000      0.0000     12.9515    0.8714806E-09
      0.0000      0.0000     13.5402    0.5491214E-09
      0.0000      0.0000     14.1289    0.5421026E-09
      0.0000      0.0000     14.7176    0.4168721E-09
      0.0000      0.0000     15.3063    0.4080151E-09
      0.0000      0.0000     15.8950    0.3567790E-09
      0.0000      0.0000     16.4837    0.3474537E-09
      0.0000      0.0000     17.0724    0.3267315E-09
      0.0000      0.0000     17.6611    0.3200618E-09
      0.0000      0.0000     18.2499    0.3136154E-09
      0.0000      0.0000     18.8386    0.3119147E-09
    -18.2499      0.0000      0.0000    0.8134258E-10
    -17.6611      0.0000      0.0000    0.8411075E-10
    -17.0724      0.0000      0.0000    0.8793495E-10
    -16.4837      0.0000      0.0000    0.9272318E-10
    -15.8950      0.0000      0.0000    0.9902411E-10
    -15.3063      0.0000      0.0000    0.1064119E-09
    -14.7176      0.0000      0.0000    0.1165474E-09
    -14.1289      0.0000      0.0000    0.1272974E-09
    -13.5402      0.0000      0.0000    0.1443840E-09
    -12.9515      0.0000      0.0000    0.1587207E-09
    -12.3628      0.0000      0.0000    0.1914609E-09
    -11.7741      0.0000      0.0000    0.2069967E-09
