      0.0000      0.0000    -18.2499    0.4176389E-09
      0.0000      0.0000    -17.6611    0.4239697E-09
      0.0000      0.0000    -17.0724    0.4346972E-09
      0.0000      0.0000    -16.4837    0.4503971E-09
      0.0000      0.0000    -15.8950    0.4710802E-09
      0.0000      0.0000    -15.3063    0.4989727E-09
      0.0000      0.0000    -14.7176    0.5320131E-09
      0.0000      0.0000    -14.1289    0.5789706E-09
      0.0000      0.0000    -13.5402    0.6262849E-09
      0.0000      0.0000    -12.9515    0.7124522E-09
      0.0000      0.0000    -12.3628    0.7681278E-09
      0.0000      0.0000    -11.7741    0.9756020E-09
      0.0000      0.0000    -11.1854    0.1013039E-08
      0.0000      0.0000    -10.5967    0.1814990E-08
      0.0000      0.0000    -10.0080    0.2039699E-08
      0.0000      0.0000     -9.4193    0.7087856E-08
      0.0000      0.0000     -8.8306    0.1299582E-07
      0.0000      0.0000     -8.2419    0.5686163E-07
      0.0000      0.0000     -7.6532    0.1499893E-06
      0.0000      0.0000     -7.0645    0.6024538E-06
      0.0000      0.0000     -6.4758    0.1847308E-05
      0.0000      0.0000     -5.8871    0.6958106E-05
      0.0000      0.0000     -5.2983    0.2286736E-04
      0.0000      0.0000     -4.7096    0.8433451E-04
      0.0000      0.0000     -4.1209    0.2908726E-03
      0.0000      0.0000     -3.5322    0.1091763E-02
      0.0000      0.0000     -2.9435    0.4027037E-02
      0.0000      0.0000     -2.3548    0.1632196E-01
      0.0000      0.0000     -1.7661    0.6833553E-01
      0.0000      0.0000     -1.1774    0.2828588E+00
      0.0000      0.0000     -0.5887    0.5338783E+00
      0.0000      0.0000      0.0000    0.2371250E+00
      0.0000      0.0000      0.5887    0.5338783E+00
      0.0000      0.0000      1.1774    0.2828588E+00
      0.0000      0.0000      1.7661    0.6833553E-01
      0.0000      0.0000      2.3548    0.1632196E-01
      0.0000      0.0000      2.9435    0.4027037E-02
      0.0000      0.0000      3.5322    0.1091763E-02
      0.0000      0.0000      4.1209    0.2908726E-03
      0.0000      0.0000      4.7096    0.8433451E-04
      0.0000      0.0000      5.2983    0.2286736E-04
      0.0000      0.0000      5.8871    0.6958106E-05
      0.0000      0.0000      6.4758    0.1847308E-05
      0.0000      0.0000      7.0645    0.6024538E-06
      0.0000      0.0000      7.6532    0.1499893E-06
      0.0000      0.0000      8.2419    0.5686163E-07
      0.0000      0.0000      8.8306    0.1299582E-07
      0.0000      0.0000      9.4193    0.7087856E-08
      0.0000      0.0000     10.0080    0.2039699E-08
      0.0000      0.0000     10.5967    0.1814990E-08
      0.0000      0.0000     11.1854    0.1013039E-08
      0.0000      0.0000     11.7741    0.9756020E-09
      0.0000      0.0000     12.3628    0.7681278E-09
      0.0000      0.0000     12.9515    0.7124522E-09
      0.0000      0.0000     13.5402    0.6262849E-09
      0.0000      0.0000     14.1289    0.5789706E-09
      0.0000      0.0000     14.7176    0.5320131E-09
      0.0000      0.0000     15.3063    0.4989727E-09
      0.0000      0.0000     15.8950    0.4710802E-09
      0.0000      0.0000     16.4837    0.4503971E-09
      0.0000      0.0000     17.0724    0.4346972E-09
      0.0000      0.0000     17.6611    0.4239697E-09
      0.0000      0.0000     18.2499    0.4176389E-09
      0.0000      0.0000     18.8386    0.4153696E-09
    -18.2499      0.0000      0.0000    0.7307888E-10
    -17.6611      0.0000      0.0000    0.7589555E-10
    -17.0724      0.0000      0.0000    0.7961459E-10
    -16.4837      0.0000      0.0000    0.8432556E-10
    -15.8950      0.0000      0.0000    0.9029595E-10
    -15.3063      0.0000      0.0000    0.9761101E-10
    -14.7176      0.0000      0.0000    0.1069140E-09
    -14.1289      0.0000      0.0000    0.1180487E-09
    -13.5402      0.0000      0.0000    0.1327495E-09
    -12.9515      0.0000      0.0000    0.1497811E-09
    -12.3628      0.0000      0.0000    0.1741515E-09
    -11.7741      0.0000      0.0000    0.2018066E-09
