      0.0000      0.0000    -18.2499    0.4205025E-09
      0.0000      0.0000    -17.6611    0.4268744E-09
      0.0000      0.0000    -17.0724    0.4376741E-09
      0.0000      0.0000    -16.4837    0.4534743E-09
      0.0000      0.0000    -15.8950    0.4742990E-09
      0.0000      0.0000    -15.3063    0.5023616E-09
      0.0000      0.0000    -14.7176    0.5356427E-09
      0.0000      0.0000    -14.1289    0.5828520E-09
      0.0000      0.0000    -13.5402    0.6305843E-09
      0.0000      0.0000    -12.9515    0.7170749E-09
      0.0000      0.0000    -12.3628    0.7736184E-09
      0.0000      0.0000    -11.7741    0.9813858E-09
      0.0000      0.0000    -11.1854    0.1021452E-08
      0.0000      0.0000    -10.5967    0.1823700E-08
      0.0000      0.0000    -10.0080    0.2060933E-08
      0.0000      0.0000     -9.4193    0.7115925E-08
      0.0000      0.0000     -8.8306    0.1310519E-07
      0.0000      0.0000     -8.2419    0.5707320E-07
      0.0000      0.0000     -7.6532    0.1508019E-06
      0.0000      0.0000     -7.0645    0.6043268E-06
      0.0000      0.0000     -6.4758    0.1853584E-05
      0.0000      0.0000     -5.8871    0.6972716E-05
      0.0000      0.0000     -5.2983    0.2290854E-04
      0.0000      0.0000     -4.7096    0.8441172E-04
      0.0000      0.0000     -4.1209    0.2909972E-03
      0.0000      0.0000     -3.5322    0.1091579E-02
      0.0000      0.0000     -2.9435    0.4025043E-02
      0.0000      0.0000     -2.3548    0.1631226E-01
      0.0000      0.0000     -1.7661    0.6830652E-01
      0.0000      0.0000     -1.1774    0.2827441E+00
      0.0000      0.0000     -0.5887    0.5330668E+00
      0.0000      0.0000      0.0000    0.2356956E+00
      0.0000      0.0000      0.5887    0.5330668E+00
      0.0000      0.0000      1.1774    0.2827441E+00
      0.0000      0.0000      1.7661    0.6830652E-01
      0.0000      0.0000      2.3548    0.1631226E-01
      0.0000      0.0000      2.9435    0.4025043E-02
      0.0000      0.0000      3.5322    0.1091579E-02
      0.0000      0.0000      4.1209    0.2909972E-03
      0.0000      0.0000      4.7096    0.8441172E-04
      0.0000      0.0000      5.2983    0.2290854E-04
      0.0000      0.0000      5.8871    0.6972716E-05
      0.0000      0.0000      6.4758    0.1853584E-05
      0.0000      0.0000      7.0645    0.6043268E-06
      0.0000      0.0000      7.6532    0.1508019E-06
      0.0000      0.0000      8.2419    0.5707320E-07
      0.0000      0.0000      8.8306    0.1310519E-07
      0.0000      0.0000      9.4193    0.7115925E-08
      0.0000      0.0000     10.0080    0.2060933E-08
      0.0000      0.0000     10.5967    0.1823700E-08
      0.0000      0.0000     11.1854    0.1021452E-08
      0.0000      0.0000     11.7741    0.9813858E-09
      0.0000      0.0000     12.3628    0.7736184E-09
      0.0000      0.0000     12.9515    0.7170749E-09
      0.0000      0.0000     13.5402    0.6305843E-09
      0.0000      0.0000     14.1289    0.5828520E-09
      0.0000      0.0000     14.7176    0.5356427E-09
      0.0000      0.0000     15.3063    0.5023616E-09
      0.0000      0.0000     15.8950    0.4742990E-09
      0.0000      0.0000     16.4837    0.4534743E-09
      0.0000      0.0000     17.0724    0.4376741E-09
      0.0000      0.0000     17.6611    0.4268744E-09
      0.0000      0.0000     18.2499    0.4205025E-09
      0.0000      0.0000     18.8386    0.4182173E-09
    -18.2499      0.0000      0.0000    0.6705000E-10
    -17.6611      0.0000      0.0000    0.6966525E-10
    -17.0724      0.0000      0.0000    0.7310322E-10
    -16.4837      0.0000      0.0000    0.7744891E-10
    -15.8950      0.0000      0.0000    0.8297046E-10
    -15.3063      0.0000      0.0000    0.8969816E-10
    -14.7176      0.0000      0.0000    0.9832842E-10
    -14.1289      0.0000      0.0000    0.1085078E-09
    -13.5402      0.0000      0.0000    0.1222725E-09
    -12.9515      0.0000      0.0000    0.1375923E-09
    -12.3628      0.0000      0.0000    0.1609580E-09
    -11.7741      0.0000      0.0000    0.1848499E-09
