      0.0000      0.0000    -18.2499    0.4171692E-09
      0.0000      0.0000    -17.6611    0.4234938E-09
      0.0000      0.0000    -17.0724    0.4342093E-09
      0.0000      0.0000    -16.4837    0.4498937E-09
      0.0000      0.0000    -15.8950    0.4705537E-09
      0.0000      0.0000    -15.3063    0.4984188E-09
      0.0000      0.0000    -14.7176    0.5314212E-09
      0.0000      0.0000    -14.1289    0.5783306E-09
      0.0000      0.0000    -13.5402    0.6255803E-09
      0.0000      0.0000    -12.9515    0.7116307E-09
      0.0000      0.0000    -12.3628    0.7671239E-09
      0.0000      0.0000    -11.7741    0.9740348E-09
      0.0000      0.0000    -11.1854    0.1010222E-08
      0.0000      0.0000    -10.5967    0.1807733E-08
      0.0000      0.0000    -10.0080    0.2020313E-08
      0.0000      0.0000     -9.4193    0.7027636E-08
      0.0000      0.0000     -8.8306    0.1281540E-07
      0.0000      0.0000     -8.2419    0.5629682E-07
      0.0000      0.0000     -7.6532    0.1482731E-06
      0.0000      0.0000     -7.0645    0.5971940E-06
      0.0000      0.0000     -6.4758    0.1831547E-05
      0.0000      0.0000     -5.8871    0.6911309E-05
      0.0000      0.0000     -5.2983    0.2273183E-04
      0.0000      0.0000     -4.7096    0.8395289E-04
      0.0000      0.0000     -4.1209    0.2898434E-03
      0.0000      0.0000     -3.5322    0.1089174E-02
      0.0000      0.0000     -2.9435    0.4021223E-02
      0.0000      0.0000     -2.3548    0.1631207E-01
      0.0000      0.0000     -1.7661    0.6833440E-01
      0.0000      0.0000     -1.1774    0.2829711E+00
      0.0000      0.0000     -0.5887    0.5342556E+00
      0.0000      0.0000      0.0000    0.2373911E+00
      0.0000      0.0000      0.5887    0.5342556E+00
      0.0000      0.0000      1.1774    0.2829711E+00
      0.0000      0.0000      1.7661    0.6833440E-01
      0.0000      0.0000      2.3548    0.1631207E-01
      0.0000      0.0000      2.9435    0.4021223E-02
      0.0000      0.0000      3.5322    0.1089174E-02
      0.0000      0.0000      4.1209    0.2898434E-03
      0.0000      0.0000      4.7096    0.8395289E-04
      0.0000      0.0000      5.2983    0.2273183E-04
      0.0000      0.0000      5.8871    0.6911309E-05
      0.0000      0.0000      6.4758    0.1831547E-05
      0.0000      0.0000      7.0645    0.5971940E-06
      0.0000      0.0000      7.6532    0.1482731E-06
      0.0000      0.0000      8.2419    0.5629682E-07
      0.0000      0.0000      8.8306    0.1281540E-07
      0.0000      0.0000      9.4193    0.7027636E-08
      0.0000      0.0000     10.0080    0.2020313E-08
      0.0000      0.0000     10.5967    0.1807733E-08
      0.0000      0.0000     11.1854    0.1010222E-08
      0.0000      0.0000     11.7741    0.9740348E-09
      0.0000      0.0000     12.3628    0.7671239E-09
      0.0000      0.0000     12.9515    0.7116307E-09
      0.0000      0.0000     13.5402    0.6255803E-09
      0.0000      0.0000     14.1289    0.5783306E-09
      0.0000      0.0000     14.7176    0.5314212E-09
      0.0000      0.0000     15.3063    0.4984188E-09
      0.0000      0.0000     15.8950    0.4705537E-09
      0.0000      0.0000     16.4837    0.4498937E-09
      0.0000      0.0000     17.0724    0.4342093E-09
      0.0000      0.0000     17.6611    0.4234938E-09
      0.0000      0.0000     18.2499    0.4171692E-09
      0.0000      0.0000     18.8386    0.4149026E-09
    -18.2499      0.0000      0.0000    0.7562066E-10
    -17.6611      0.0000      0.0000    0.7850470E-10
    -17.0724      0.0000      0.0000    0.8232689E-10
    -16.4837      0.0000      0.0000    0.8716966E-10
    -15.8950      0.0000      0.0000    0.9331258E-10
    -15.3063      0.0000      0.0000    0.1008380E-09
    -14.7176      0.0000      0.0000    0.1104150E-09
    -14.1289      0.0000      0.0000    0.1218693E-09
    -13.5402      0.0000      0.0000    0.1370074E-09
    -12.9515      0.0000      0.0000    0.1545183E-09
    -12.3628      0.0000      0.0000    0.1796304E-09
    -11.7741      0.0000      0.0000    0.2080458E-09
