      0.0000      0.0000    -18.2499    0.4202933E-09
      0.0000      0.0000    -17.6611    0.4266622E-09
      0.0000      0.0000    -17.0724    0.4374565E-09
      0.0000      0.0000    -16.4837    0.4532494E-09
      0.0000      0.0000    -15.8950    0.4740633E-09
      0.0000      0.0000    -15.3063    0.5021142E-09
      0.0000      0.0000    -14.7176    0.5353758E-09
      0.0000      0.0000    -14.1289    0.5825705E-09
      0.0000      0.0000    -13.5402    0.6302649E-09
      0.0000      0.0000    -12.9515    0.7167506E-09
      0.0000      0.0000    -12.3628    0.7732056E-09
      0.0000      0.0000    -11.7741    0.9810504E-09
      0.0000      0.0000    -11.1854    0.1020879E-08
      0.0000      0.0000    -10.5967    0.1823708E-08
      0.0000      0.0000    -10.0080    0.2060437E-08
      0.0000      0.0000     -9.4193    0.7119344E-08
      0.0000      0.0000     -8.8306    0.1311040E-07
      0.0000      0.0000     -8.2419    0.5710815E-07
      0.0000      0.0000     -7.6532    0.1508841E-06
      0.0000      0.0000     -7.0645    0.6046667E-06
      0.0000      0.0000     -6.4758    0.1854532E-05
      0.0000      0.0000     -5.8871    0.6976081E-05
      0.0000      0.0000     -5.2983    0.2291858E-04
      0.0000      0.0000     -4.7096    0.8444498E-04
      0.0000      0.0000     -4.1209    0.2910983E-03
      0.0000      0.0000     -3.5322    0.1091897E-02
      0.0000      0.0000     -2.9435    0.4025976E-02
      0.0000      0.0000     -2.3548    0.1631480E-01
      0.0000      0.0000     -1.7661    0.6831172E-01
      0.0000      0.0000     -1.1774    0.2827512E+00
      0.0000      0.0000     -0.5887    0.5331254E+00
      0.0000      0.0000      0.0000    0.2358429E+00
      0.0000      0.0000      0.5887    0.5331254E+00
      0.0000      0.0000      1.1774    0.2827512E+00
      0.0000      0.0000      1.7661    0.6831172E-01
      0.0000      0.0000      2.3548    0.1631480E-01
      0.0000      0.0000      2.9435    0.4025976E-02
      0.0000      0.0000      3.5322    0.1091897E-02
      0.0000      0.0000      4.1209    0.2910983E-03
      0.0000      0.0000      4.7096    0.8444498E-04
      0.0000      0.0000      5.2983    0.2291858E-04
      0.0000      0.0000      5.8871    0.6976081E-05
      0.0000      0.0000      6.4758    0.1854532E-05
      0.0000      0.0000      7.0645    0.6046667E-06
      0.0000      0.0000      7.6532    0.1508841E-06
      0.0000      0.0000      8.2419    0.5710815E-07
      0.0000      0.0000      8.8306    0.1311040E-07
      0.0000      0.0000      9.4193    0.7119344E-08
      0.0000      0.0000     10.0080    0.2060437E-08
      0.0000      0.0000     10.5967    0.1823708E-08
      0.0000      0.0000     11.1854    0.1020879E-08
      0.0000      0.0000     11.7741    0.9810504E-09
      0.0000      0.0000     12.3628    0.7732056E-09
      0.0000      0.0000     12.9515    0.7167506E-09
      0.0000      0.0000     13.5402    0.6302649E-09
      0.0000      0.0000     14.1289    0.5825705E-09
      0.0000      0.0000     14.7176    0.5353758E-09
      0.0000      0.0000     15.3063    0.5021142E-09
      0.0000      0.0000     15.8950    0.4740633E-09
      0.0000      0.0000     16.4837    0.4532494E-09
      0.0000      0.0000     17.0724    0.4374565E-09
      0.0000      0.0000     17.6611    0.4266622E-09
      0.0000      0.0000     18.2499    0.4202933E-09
      0.0000      0.0000     18.8386    0.4180093E-09
    -18.2499      0.0000      0.0000    0.6786675E-10
    -17.6611      0.0000      0.0000    0.7051171E-10
    -17.0724      0.0000      0.0000    0.7398973E-10
    -16.4837      0.0000      0.0000    0.7838777E-10
    -15.8950      0.0000      0.0000    0.8397202E-10
    -15.3063      0.0000      0.0000    0.9078409E-10
    -14.7176      0.0000      0.0000    0.9950569E-10
    -14.1289      0.0000      0.0000    0.1098259E-09
    -13.5402      0.0000      0.0000    0.1237080E-09
    -12.9515      0.0000      0.0000    0.1392964E-09
    -12.3628      0.0000      0.0000    0.1627411E-09
    -11.7741      0.0000      0.0000    0.1872837E-09
