      0.0000      0.0000    -18.2499    0.4196336E-09
      0.0000      0.0000    -17.6611    0.4259930E-09
      0.0000      0.0000    -17.0724    0.4367705E-09
      0.0000      0.0000    -16.4837    0.4525405E-09
      0.0000      0.0000    -15.8950    0.4733213E-09
      0.0000      0.0000    -15.3063    0.5013336E-09
      0.0000      0.0000    -14.7176    0.5345381E-09
      0.0000      0.0000    -14.1289    0.5816785E-09
      0.0000      0.0000    -13.5402    0.6292701E-09
      0.0000      0.0000    -12.9515    0.7157011E-09
      0.0000      0.0000    -12.3628    0.7719367E-09
      0.0000      0.0000    -11.7741    0.9798274E-09
      0.0000      0.0000    -11.1854    0.1019055E-08
      0.0000      0.0000    -10.5967    0.1822573E-08
      0.0000      0.0000    -10.0080    0.2057311E-08
      0.0000      0.0000     -9.4193    0.7120583E-08
      0.0000      0.0000     -8.8306    0.1310531E-07
      0.0000      0.0000     -8.2419    0.5713128E-07
      0.0000      0.0000     -7.6532    0.1509035E-06
      0.0000      0.0000     -7.0645    0.6049113E-06
      0.0000      0.0000     -6.4758    0.1855085E-05
      0.0000      0.0000     -5.8871    0.6978912E-05
      0.0000      0.0000     -5.2983    0.2292724E-04
      0.0000      0.0000     -4.7096    0.8448058E-04
      0.0000      0.0000     -4.1209    0.2912194E-03
      0.0000      0.0000     -3.5322    0.1092347E-02
      0.0000      0.0000     -2.9435    0.4027471E-02
      0.0000      0.0000     -2.3548    0.1631933E-01
      0.0000      0.0000     -1.7661    0.6832141E-01
      0.0000      0.0000     -1.1774    0.2827694E+00
      0.0000      0.0000     -0.5887    0.5332933E+00
      0.0000      0.0000      0.0000    0.2362037E+00
      0.0000      0.0000      0.5887    0.5332933E+00
      0.0000      0.0000      1.1774    0.2827694E+00
      0.0000      0.0000      1.7661    0.6832141E-01
      0.0000      0.0000      2.3548    0.1631933E-01
      0.0000      0.0000      2.9435    0.4027471E-02
      0.0000      0.0000      3.5322    0.1092347E-02
      0.0000      0.0000      4.1209    0.2912194E-03
      0.0000      0.0000      4.7096    0.8448058E-04
      0.0000      0.0000      5.2983    0.2292724E-04
      0.0000      0.0000      5.8871    0.6978912E-05
      0.0000      0.0000      6.4758    0.1855085E-05
      0.0000      0.0000      7.0645    0.6049113E-06
      0.0000      0.0000      7.6532    0.1509035E-06
      0.0000      0.0000      8.2419    0.5713128E-07
      0.0000      0.0000      8.8306    0.1310531E-07
      0.0000      0.0000      9.4193    0.7120583E-08
      0.0000      0.0000     10.0080    0.2057311E-08
      0.0000      0.0000     10.5967    0.1822573E-08
      0.0000      0.0000     11.1854    0.1019055E-08
      0.0000      0.0000     11.7741    0.9798274E-09
      0.0000      0.0000     12.3628    0.7719367E-09
      0.0000      0.0000     12.9515    0.7157011E-09
      0.0000      0.0000     13.5402    0.6292701E-09
      0.0000      0.0000     14.1289    0.5816785E-09
      0.0000      0.0000     14.7176    0.5345381E-09
      0.0000      0.0000     15.3063    0.5013336E-09
      0.0000      0.0000     15.8950    0.4733213E-09
      0.0000      0.0000     16.4837    0.4525405E-09
      0.0000      0.0000     17.0724    0.4367705E-09
      0.0000      0.0000     17.6611    0.4259930E-09
      0.0000      0.0000     18.2499    0.4196336E-09
      0.0000      0.0000     18.8386    0.4173532E-09
    -18.2499      0.0000      0.0000    0.6949813E-10
    -17.6611      0.0000      0.0000    0.7220037E-10
    -17.0724      0.0000      0.0000    0.7575677E-10
    -16.4837      0.0000      0.0000    0.8025699E-10
    -15.8950      0.0000      0.0000    0.8596501E-10
    -15.3063      0.0000      0.0000    0.9294158E-10
    -14.7176      0.0000      0.0000    0.1018459E-09
    -14.1289      0.0000      0.0000    0.1124375E-09
    -13.5402      0.0000      0.0000    0.1265636E-09
    -12.9515      0.0000      0.0000    0.1426559E-09
    -12.3628      0.0000      0.0000    0.1663123E-09
    -11.7741      0.0000      0.0000    0.1920257E-09
