      0.0000      0.0000    -18.2499    0.4198262E-09
      0.0000      0.0000    -17.6611    0.4261883E-09
      0.0000      0.0000    -17.0724    0.4369709E-09
      0.0000      0.0000    -16.4837    0.4527472E-09
      0.0000      0.0000    -15.8950    0.4735382E-09
      0.0000      0.0000    -15.3063    0.5015605E-09
      0.0000      0.0000    -14.7176    0.5347838E-09
      0.0000      0.0000    -14.1289    0.5819352E-09
      0.0000      0.0000    -13.5402    0.6295659E-09
      0.0000      0.0000    -12.9515    0.7159931E-09
      0.0000      0.0000    -12.3628    0.7723313E-09
      0.0000      0.0000    -11.7741    0.9801238E-09
      0.0000      0.0000    -11.1854    0.1019684E-08
      0.0000      0.0000    -10.5967    0.1822616E-08
      0.0000      0.0000    -10.0080    0.2058516E-08
      0.0000      0.0000     -9.4193    0.7118527E-08
      0.0000      0.0000     -8.8306    0.1310635E-07
      0.0000      0.0000     -8.2419    0.5711118E-07
      0.0000      0.0000     -7.6532    0.1508744E-06
      0.0000      0.0000     -7.0645    0.6047073E-06
      0.0000      0.0000     -6.4758    0.1854564E-05
      0.0000      0.0000     -5.8871    0.6976637E-05
      0.0000      0.0000     -5.2983    0.2292024E-04
      0.0000      0.0000     -4.7096    0.8445432E-04
      0.0000      0.0000     -4.1209    0.2911338E-03
      0.0000      0.0000     -3.5322    0.1092050E-02
      0.0000      0.0000     -2.9435    0.4026531E-02
      0.0000      0.0000     -2.3548    0.1631660E-01
      0.0000      0.0000     -1.7661    0.6831594E-01
      0.0000      0.0000     -1.1774    0.2827608E+00
      0.0000      0.0000     -0.5887    0.5332098E+00
      0.0000      0.0000      0.0000    0.2360187E+00
      0.0000      0.0000      0.5887    0.5332098E+00
      0.0000      0.0000      1.1774    0.2827608E+00
      0.0000      0.0000      1.7661    0.6831594E-01
      0.0000      0.0000      2.3548    0.1631660E-01
      0.0000      0.0000      2.9435    0.4026531E-02
      0.0000      0.0000      3.5322    0.1092050E-02
      0.0000      0.0000      4.1209    0.2911338E-03
      0.0000      0.0000      4.7096    0.8445432E-04
      0.0000      0.0000      5.2983    0.2292024E-04
      0.0000      0.0000      5.8871    0.6976637E-05
      0.0000      0.0000      6.4758    0.1854564E-05
      0.0000      0.0000      7.0645    0.6047073E-06
      0.0000      0.0000      7.6532    0.1508744E-06
      0.0000      0.0000      8.2419    0.5711118E-07
      0.0000      0.0000      8.8306    0.1310635E-07
      0.0000      0.0000      9.4193    0.7118527E-08
      0.0000      0.0000     10.0080    0.2058516E-08
      0.0000      0.0000     10.5967    0.1822616E-08
      0.0000      0.0000     11.1854    0.1019684E-08
      0.0000      0.0000     11.7741    0.9801238E-09
      0.0000      0.0000     12.3628    0.7723313E-09
      0.0000      0.0000     12.9515    0.7159931E-09
      0.0000      0.0000     13.5402    0.6295659E-09
      0.0000      0.0000     14.1289    0.5819352E-09
      0.0000      0.0000     14.7176    0.5347838E-09
      0.0000      0.0000     15.3063    0.5015605E-09
      0.0000      0.0000     15.8950    0.4735382E-09
      0.0000      0.0000     16.4837    0.4527472E-09
      0.0000      0.0000     17.0724    0.4369709E-09
      0.0000      0.0000     17.6611    0.4261883E-09
      0.0000      0.0000     18.2499    0.4198262E-09
      0.0000      0.0000     18.8386    0.4175448E-09
    -18.2499      0.0000      0.0000    0.6829678E-10
    -17.6611      0.0000      0.0000    0.7095846E-10
    -17.0724      0.0000      0.0000    0.7445896E-10
    -16.4837      0.0000      0.0000    0.7888607E-10
    -15.8950      0.0000      0.0000    0.8450529E-10
    -15.3063      0.0000      0.0000    0.9136382E-10
    -14.7176      0.0000      0.0000    0.1001368E-09
    -14.1289      0.0000      0.0000    0.1105337E-09
    -13.5402      0.0000      0.0000    0.1244841E-09
    -12.9515      0.0000      0.0000    0.1402158E-09
    -12.3628      0.0000      0.0000    0.1637187E-09
    -11.7741      0.0000      0.0000    0.1885952E-09
