      0.0000      0.0000    -18.2499    0.4209441E-09
      0.0000      0.0000    -17.6611    0.4273266E-09
      0.0000      0.0000    -17.0724    0.4381343E-09
      0.0000      0.0000    -16.4837    0.4539625E-09
      0.0000      0.0000    -15.8950    0.4747984E-09
      0.0000      0.0000    -15.3063    0.5029182E-09
      0.0000      0.0000    -14.7176    0.5361969E-09
      0.0000      0.0000    -14.1289    0.5835173E-09
      0.0000      0.0000    -13.5402    0.6311387E-09
      0.0000      0.0000    -12.9515    0.7177722E-09
      0.0000      0.0000    -12.3628    0.7734206E-09
      0.0000      0.0000    -11.7741    0.9803279E-09
      0.0000      0.0000    -11.1854    0.1012965E-08
      0.0000      0.0000    -10.5967    0.1800155E-08
      0.0000      0.0000    -10.0080    0.1970386E-08
      0.0000      0.0000     -9.4193    0.6854645E-08
      0.0000      0.0000     -8.8306    0.1221757E-07
      0.0000      0.0000     -8.2419    0.5444910E-07
      0.0000      0.0000     -7.6532    0.1423511E-06
      0.0000      0.0000     -7.0645    0.5793500E-06
      0.0000      0.0000     -6.4758    0.1776445E-05
      0.0000      0.0000     -5.8871    0.6750245E-05
      0.0000      0.0000     -5.2983    0.2225789E-04
      0.0000      0.0000     -4.7096    0.8265307E-04
      0.0000      0.0000     -4.1209    0.2863824E-03
      0.0000      0.0000     -3.5322    0.1081232E-02
      0.0000      0.0000     -2.9435    0.4006501E-02
      0.0000      0.0000     -2.3548    0.1630866E-01
      0.0000      0.0000     -1.7661    0.6847075E-01
      0.0000      0.0000     -1.1774    0.2839062E+00
      0.0000      0.0000     -0.5887    0.5369417E+00
      0.0000      0.0000      0.0000    0.2402330E+00
      0.0000      0.0000      0.5887    0.5369417E+00
      0.0000      0.0000      1.1774    0.2839062E+00
      0.0000      0.0000      1.7661    0.6847075E-01
      0.0000      0.0000      2.3548    0.1630866E-01
      0.0000      0.0000      2.9435    0.4006501E-02
      0.0000      0.0000      3.5322    0.1081232E-02
      0.0000      0.0000      4.1209    0.2863824E-03
      0.0000      0.0000      4.7096    0.8265307E-04
      0.0000      0.0000      5.2983    0.2225789E-04
      0.0000      0.0000      5.8871    0.6750245E-05
      0.0000      0.0000      6.4758    0.1776445E-05
      0.0000      0.0000      7.0645    0.5793500E-06
      0.0000      0.0000      7.6532    0.1423511E-06
      0.0000      0.0000      8.2419    0.5444910E-07
      0.0000      0.0000      8.8306    0.1221757E-07
      0.0000      0.0000      9.4193    0.6854645E-08
      0.0000      0.0000     10.0080    0.1970386E-08
      0.0000      0.0000     10.5967    0.1800155E-08
      0.0000      0.0000     11.1854    0.1012965E-08
      0.0000      0.0000     11.7741    0.9803279E-09
      0.0000      0.0000     12.3628    0.7734206E-09
      0.0000      0.0000     12.9515    0.7177722E-09
      0.0000      0.0000     13.5402    0.6311387E-09
      0.0000      0.0000     14.1289    0.5835173E-09
      0.0000      0.0000     14.7176    0.5361969E-09
      0.0000      0.0000     15.3063    0.5029182E-09
      0.0000      0.0000     15.8950    0.4747984E-09
      0.0000      0.0000     16.4837    0.4539625E-09
      0.0000      0.0000     17.0724    0.4381343E-09
      0.0000      0.0000     17.6611    0.4273266E-09
      0.0000      0.0000     18.2499    0.4209441E-09
      0.0000      0.0000     18.8386    0.4186576E-09
    -18.2499      0.0000      0.0000    0.7782347E-10
    -17.6611      0.0000      0.0000    0.8065361E-10
    -17.0724      0.0000      0.0000    0.8447874E-10
    -16.4837      0.0000      0.0000    0.8929167E-10
    -15.8950      0.0000      0.0000    0.9550323E-10
    -15.3063      0.0000      0.0000    0.1029502E-09
    -14.7176      0.0000      0.0000    0.1127807E-09
    -14.1289      0.0000      0.0000    0.1238728E-09
    -13.5402      0.0000      0.0000    0.1399313E-09
    -12.9515      0.0000      0.0000    0.1558726E-09
    -12.3628      0.0000      0.0000    0.1846819E-09
    -11.7741      0.0000      0.0000    0.2068414E-09
