      0.0000      0.0000    -18.2499    0.4213205E-09
      0.0000      0.0000    -17.6611    0.4277043E-09
      0.0000      0.0000    -17.0724    0.4385248E-09
      0.0000      0.0000    -16.4837    0.4543539E-09
      0.0000      0.0000    -15.8950    0.4752196E-09
      0.0000      0.0000    -15.3063    0.5033309E-09
      0.0000      0.0000    -14.7176    0.5366825E-09
      0.0000      0.0000    -14.1289    0.5839612E-09
      0.0000      0.0000    -13.5402    0.6318179E-09
      0.0000      0.0000    -12.9515    0.7183804E-09
      0.0000      0.0000    -12.3628    0.7751737E-09
      0.0000      0.0000    -11.7741    0.9828768E-09
      0.0000      0.0000    -11.1854    0.1023520E-08
      0.0000      0.0000    -10.5967    0.1824673E-08
      0.0000      0.0000    -10.0080    0.2062979E-08
      0.0000      0.0000     -9.4193    0.7109571E-08
      0.0000      0.0000     -8.8306    0.1309451E-07
      0.0000      0.0000     -8.2419    0.5699670E-07
      0.0000      0.0000     -7.6532    0.1506229E-06
      0.0000      0.0000     -7.0645    0.6035801E-06
      0.0000      0.0000     -6.4758    0.1851543E-05
      0.0000      0.0000     -5.8871    0.6965400E-05
      0.0000      0.0000     -5.2983    0.2288689E-04
      0.0000      0.0000     -4.7096    0.8433883E-04
      0.0000      0.0000     -4.1209    0.2907734E-03
      0.0000      0.0000     -3.5322    0.1090856E-02
      0.0000      0.0000     -2.9435    0.4022867E-02
      0.0000      0.0000     -2.3548    0.1630615E-01
      0.0000      0.0000     -1.7661    0.6829312E-01
      0.0000      0.0000     -1.1774    0.2827223E+00
      0.0000      0.0000     -0.5887    0.5329053E+00
      0.0000      0.0000      0.0000    0.2353096E+00
      0.0000      0.0000      0.5887    0.5329053E+00
      0.0000      0.0000      1.1774    0.2827223E+00
      0.0000      0.0000      1.7661    0.6829312E-01
      0.0000      0.0000      2.3548    0.1630615E-01
      0.0000      0.0000      2.9435    0.4022867E-02
      0.0000      0.0000      3.5322    0.1090856E-02
      0.0000      0.0000      4.1209    0.2907734E-03
      0.0000      0.0000      4.7096    0.8433883E-04
      0.0000      0.0000      5.2983    0.2288689E-04
      0.0000      0.0000      5.8871    0.6965400E-05
      0.0000      0.0000      6.4758    0.1851543E-05
      0.0000      0.0000      7.0645    0.6035802E-06
      0.0000      0.0000      7.6532    0.1506229E-06
      0.0000      0.0000      8.2419    0.5699670E-07
      0.0000      0.0000      8.8306    0.1309451E-07
      0.0000      0.0000      9.4193    0.7109571E-08
      0.0000      0.0000     10.0080    0.2062979E-08
      0.0000      0.0000     10.5967    0.1824673E-08
      0.0000      0.0000     11.1854    0.1023520E-08
      0.0000      0.0000     11.7741    0.9828768E-09
      0.0000      0.0000     12.3628    0.7751737E-09
      0.0000      0.0000     12.9515    0.7183804E-09
      0.0000      0.0000     13.5402    0.6318179E-09
      0.0000      0.0000     14.1289    0.5839612E-09
      0.0000      0.0000     14.7176    0.5366825E-09
      0.0000      0.0000     15.3063    0.5033309E-09
      0.0000      0.0000     15.8950    0.4752196E-09
      0.0000      0.0000     16.4837    0.4543539E-09
      0.0000      0.0000     17.0724    0.4385248E-09
      0.0000      0.0000     17.6611    0.4277043E-09
      0.0000      0.0000     18.2499    0.4213205E-09
      0.0000      0.0000     18.8386    0.4190307E-09
    -18.2499      0.0000      0.0000    0.6588608E-10
    -17.6611      0.0000      0.0000    0.6845241E-10
    -17.0724      0.0000      0.0000    0.7182608E-10
    -16.4837      0.0000      0.0000    0.7608831E-10
    -15.8950      0.0000      0.0000    0.8151195E-10
    -15.3063      0.0000      0.0000    0.8810589E-10
    -14.7176      0.0000      0.0000    0.9659662E-10
    -14.1289      0.0000      0.0000    0.1065492E-09
    -13.5402      0.0000      0.0000    0.1201444E-09
    -12.9515      0.0000      0.0000    0.1350151E-09
    -12.3628      0.0000      0.0000    0.1583178E-09
    -11.7741      0.0000      0.0000    0.1810678E-09
