      0.0000      0.0000    -18.2499    0.4212137E-09
      0.0000      0.0000    -17.6611    0.4275959E-09
      0.0000      0.0000    -17.0724    0.4384137E-09
      0.0000      0.0000    -16.4837    0.4542390E-09
      0.0000      0.0000    -15.8950    0.4750994E-09
      0.0000      0.0000    -15.3063    0.5032043E-09
      0.0000      0.0000    -14.7176    0.5365466E-09
      0.0000      0.0000    -14.1289    0.5838165E-09
      0.0000      0.0000    -13.5402    0.6316565E-09
      0.0000      0.0000    -12.9515    0.7182109E-09
      0.0000      0.0000    -12.3628    0.7749698E-09
      0.0000      0.0000    -11.7741    0.9826884E-09
      0.0000      0.0000    -11.1854    0.1023252E-08
      0.0000      0.0000    -10.5967    0.1824592E-08
      0.0000      0.0000    -10.0080    0.2062780E-08
      0.0000      0.0000     -9.4193    0.7110784E-08
      0.0000      0.0000     -8.8306    0.1309676E-07
      0.0000      0.0000     -8.2419    0.5701016E-07
      0.0000      0.0000     -7.6532    0.1506555E-06
      0.0000      0.0000     -7.0645    0.6037100E-06
      0.0000      0.0000     -6.4758    0.1851902E-05
      0.0000      0.0000     -5.8871    0.6966655E-05
      0.0000      0.0000     -5.2983    0.2289059E-04
      0.0000      0.0000     -4.7096    0.8435107E-04
      0.0000      0.0000     -4.1209    0.2908106E-03
      0.0000      0.0000     -3.5322    0.1090974E-02
      0.0000      0.0000     -2.9435    0.4023217E-02
      0.0000      0.0000     -2.3548    0.1630713E-01
      0.0000      0.0000     -1.7661    0.6829530E-01
      0.0000      0.0000     -1.1774    0.2827258E+00
      0.0000      0.0000     -0.5887    0.5329272E+00
      0.0000      0.0000      0.0000    0.2353622E+00
      0.0000      0.0000      0.5887    0.5329272E+00
      0.0000      0.0000      1.1774    0.2827258E+00
      0.0000      0.0000      1.7661    0.6829530E-01
      0.0000      0.0000      2.3548    0.1630713E-01
      0.0000      0.0000      2.9435    0.4023217E-02
      0.0000      0.0000      3.5322    0.1090974E-02
      0.0000      0.0000      4.1209    0.2908106E-03
      0.0000      0.0000      4.7096    0.8435107E-04
      0.0000      0.0000      5.2983    0.2289059E-04
      0.0000      0.0000      5.8871    0.6966655E-05
      0.0000      0.0000      6.4758    0.1851902E-05
      0.0000      0.0000      7.0645    0.6037100E-06
      0.0000      0.0000      7.6532    0.1506555E-06
      0.0000      0.0000      8.2419    0.5701016E-07
      0.0000      0.0000      8.8306    0.1309676E-07
      0.0000      0.0000      9.4193    0.7110784E-08
      0.0000      0.0000     10.0080    0.2062780E-08
      0.0000      0.0000     10.5967    0.1824592E-08
      0.0000      0.0000     11.1854    0.1023252E-08
      0.0000      0.0000     11.7741    0.9826884E-09
      0.0000      0.0000     12.3628    0.7749698E-09
      0.0000      0.0000     12.9515    0.7182109E-09
      0.0000      0.0000     13.5402    0.6316565E-09
      0.0000      0.0000     14.1289    0.5838165E-09
      0.0000      0.0000     14.7176    0.5365466E-09
      0.0000      0.0000     15.3063    0.5032043E-09
      0.0000      0.0000     15.8950    0.4750994E-09
      0.0000      0.0000     16.4837    0.4542390E-09
      0.0000      0.0000     17.0724    0.4384137E-09
      0.0000      0.0000     17.6611    0.4275959E-09
      0.0000      0.0000     18.2499    0.4212137E-09
      0.0000      0.0000     18.8386    0.4189245E-09
    -18.2499      0.0000      0.0000    0.6603818E-10
    -17.6611      0.0000      0.0000    0.6861137E-10
    -17.0724      0.0000      0.0000    0.7199393E-10
    -16.4837      0.0000      0.0000    0.7626768E-10
    -15.8950      0.0000      0.0000    0.8170466E-10
    -15.3063      0.0000      0.0000    0.8831704E-10
    -14.7176      0.0000      0.0000    0.9682652E-10
    -14.1289      0.0000      0.0000    0.1068107E-09
    -13.5402      0.0000      0.0000    0.1204277E-09
    -12.9515      0.0000      0.0000    0.1353625E-09
    -12.3628      0.0000      0.0000    0.1586679E-09
    -11.7741      0.0000      0.0000    0.1815859E-09
