      0.0000      0.0000    -18.2499    0.4162785E-09
      0.0000      0.0000    -17.6611    0.4225904E-09
      0.0000      0.0000    -17.0724    0.4332837E-09
      0.0000      0.0000    -16.4837    0.4489369E-09
      0.0000      0.0000    -15.8950    0.4695540E-09
      0.0000      0.0000    -15.3063    0.4973650E-09
      0.0000      0.0000    -14.7176    0.5302972E-09
      0.0000      0.0000    -14.1289    0.5771185E-09
      0.0000      0.0000    -13.5402    0.6242562E-09
      0.0000      0.0000    -12.9515    0.7101484E-09
      0.0000      0.0000    -12.3628    0.7654214E-09
      0.0000      0.0000    -11.7741    0.9718883E-09
      0.0000      0.0000    -11.1854    0.1007162E-08
      0.0000      0.0000    -10.5967    0.1802093E-08
      0.0000      0.0000    -10.0080    0.2007168E-08
      0.0000      0.0000     -9.4193    0.6991875E-08
      0.0000      0.0000     -8.8306    0.1270663E-07
      0.0000      0.0000     -8.2419    0.5597030E-07
      0.0000      0.0000     -7.6532    0.1472409E-06
      0.0000      0.0000     -7.0645    0.5940932E-06
      0.0000      0.0000     -6.4758    0.1821952E-05
      0.0000      0.0000     -5.8871    0.6883280E-05
      0.0000      0.0000     -5.2983    0.2264931E-04
      0.0000      0.0000     -4.7096    0.8372667E-04
      0.0000      0.0000     -4.1209    0.2892405E-03
      0.0000      0.0000     -3.5322    0.1087756E-02
      0.0000      0.0000     -2.9435    0.4018317E-02
      0.0000      0.0000     -2.3548    0.1630860E-01
      0.0000      0.0000     -1.7661    0.6834215E-01
      0.0000      0.0000     -1.1774    0.2830828E+00
      0.0000      0.0000     -0.5887    0.5347476E+00
      0.0000      0.0000      0.0000    0.2379723E+00
      0.0000      0.0000      0.5887    0.5347476E+00
      0.0000      0.0000      1.1774    0.2830828E+00
      0.0000      0.0000      1.7661    0.6834215E-01
      0.0000      0.0000      2.3548    0.1630860E-01
      0.0000      0.0000      2.9435    0.4018317E-02
      0.0000      0.0000      3.5322    0.1087756E-02
      0.0000      0.0000      4.1209    0.2892405E-03
      0.0000      0.0000      4.7096    0.8372667E-04
      0.0000      0.0000      5.2983    0.2264931E-04
      0.0000      0.0000      5.8871    0.6883280E-05
      0.0000      0.0000      6.4758    0.1821952E-05
      0.0000      0.0000      7.0645    0.5940932E-06
      0.0000      0.0000      7.6532    0.1472409E-06
      0.0000      0.0000      8.2419    0.5597030E-07
      0.0000      0.0000      8.8306    0.1270663E-07
      0.0000      0.0000      9.4193    0.6991875E-08
      0.0000      0.0000     10.0080    0.2007168E-08
      0.0000      0.0000     10.5967    0.1802093E-08
      0.0000      0.0000     11.1854    0.1007162E-08
      0.0000      0.0000     11.7741    0.9718883E-09
      0.0000      0.0000     12.3628    0.7654214E-09
      0.0000      0.0000     12.9515    0.7101484E-09
      0.0000      0.0000     13.5402    0.6242562E-09
      0.0000      0.0000     14.1289    0.5771185E-09
      0.0000      0.0000     14.7176    0.5302972E-09
      0.0000      0.0000     15.3063    0.4973650E-09
      0.0000      0.0000     15.8950    0.4695540E-09
      0.0000      0.0000     16.4837    0.4489369E-09
      0.0000      0.0000     17.0724    0.4332837E-09
      0.0000      0.0000     17.6611    0.4225904E-09
      0.0000      0.0000     18.2499    0.4162785E-09
      0.0000      0.0000     18.8386    0.4140169E-09
    -18.2499      0.0000      0.0000    0.7594257E-10
    -17.6611      0.0000      0.0000    0.7883489E-10
    -17.0724      0.0000      0.0000    0.8267336E-10
    -16.4837      0.0000      0.0000    0.8753315E-10
    -15.8950      0.0000      0.0000    0.9370452E-10
    -15.3063      0.0000      0.0000    0.1012529E-09
    -14.7176      0.0000      0.0000    0.1108841E-09
    -14.1289      0.0000      0.0000    0.1223550E-09
    -13.5402      0.0000      0.0000    0.1376182E-09
    -12.9515      0.0000      0.0000    0.1550780E-09
    -12.3628      0.0000      0.0000    0.1805658E-09
    -11.7741      0.0000      0.0000    0.2085931E-09
