      0.0000      0.0000    -18.2499    0.4213895E-09
      0.0000      0.0000    -17.6611    0.4277742E-09
      0.0000      0.0000    -17.0724    0.4385965E-09
      0.0000      0.0000    -16.4837    0.4544281E-09
      0.0000      0.0000    -15.8950    0.4752971E-09
      0.0000      0.0000    -15.3063    0.5034128E-09
      0.0000      0.0000    -14.7176    0.5367696E-09
      0.0000      0.0000    -14.1289    0.5840557E-09
      0.0000      0.0000    -13.5402    0.6319201E-09
      0.0000      0.0000    -12.9515    0.7184951E-09
      0.0000      0.0000    -12.3628    0.7752991E-09
      0.0000      0.0000    -11.7741    0.9830282E-09
      0.0000      0.0000    -11.1854    0.1023689E-08
      0.0000      0.0000    -10.5967    0.1824923E-08
      0.0000      0.0000    -10.0080    0.2063319E-08
      0.0000      0.0000     -9.4193    0.7110357E-08
      0.0000      0.0000     -8.8306    0.1309626E-07
      0.0000      0.0000     -8.2419    0.5700204E-07
      0.0000      0.0000     -7.6532    0.1506386E-06
      0.0000      0.0000     -7.0645    0.6036287E-06
      0.0000      0.0000     -6.4758    0.1851693E-05
      0.0000      0.0000     -5.8871    0.6965843E-05
      0.0000      0.0000     -5.2983    0.2288821E-04
      0.0000      0.0000     -4.7096    0.8434240E-04
      0.0000      0.0000     -4.1209    0.2907828E-03
      0.0000      0.0000     -3.5322    0.1090878E-02
      0.0000      0.0000     -2.9435    0.4022907E-02
      0.0000      0.0000     -2.3548    0.1630620E-01
      0.0000      0.0000     -1.7661    0.6829312E-01
      0.0000      0.0000     -1.1774    0.2827216E+00
      0.0000      0.0000     -0.5887    0.5328978E+00
      0.0000      0.0000      0.0000    0.2352970E+00
      0.0000      0.0000      0.5887    0.5328978E+00
      0.0000      0.0000      1.1774    0.2827216E+00
      0.0000      0.0000      1.7661    0.6829312E-01
      0.0000      0.0000      2.3548    0.1630620E-01
      0.0000      0.0000      2.9435    0.4022907E-02
      0.0000      0.0000      3.5322    0.1090878E-02
      0.0000      0.0000      4.1209    0.2907828E-03
      0.0000      0.0000      4.7096    0.8434240E-04
      0.0000      0.0000      5.2983    0.2288821E-04
      0.0000      0.0000      5.8871    0.6965843E-05
      0.0000      0.0000      6.4758    0.1851693E-05
      0.0000      0.0000      7.0645    0.6036288E-06
      0.0000      0.0000      7.6532    0.1506386E-06
      0.0000      0.0000      8.2419    0.5700204E-07
      0.0000      0.0000      8.8306    0.1309626E-07
      0.0000      0.0000      9.4193    0.7110357E-08
      0.0000      0.0000     10.0080    0.2063319E-08
      0.0000      0.0000     10.5967    0.1824923E-08
      0.0000      0.0000     11.1854    0.1023689E-08
      0.0000      0.0000     11.7741    0.9830282E-09
      0.0000      0.0000     12.3628    0.7752991E-09
      0.0000      0.0000     12.9515    0.7184951E-09
      0.0000      0.0000     13.5402    0.6319201E-09
      0.0000      0.0000     14.1289    0.5840556E-09
      0.0000      0.0000     14.7176    0.5367696E-09
      0.0000      0.0000     15.3063    0.5034128E-09
      0.0000      0.0000     15.8950    0.4752971E-09
      0.0000      0.0000     16.4837    0.4544281E-09
      0.0000      0.0000     17.0724    0.4385965E-09
      0.0000      0.0000     17.6611    0.4277742E-09
      0.0000      0.0000     18.2499    0.4213895E-09
      0.0000      0.0000     18.8386    0.4190993E-09
    -18.2499      0.0000      0.0000    0.6593092E-10
    -17.6611      0.0000      0.0000    0.6849865E-10
    -17.0724      0.0000      0.0000    0.7187423E-10
    -16.4837      0.0000      0.0000    0.7613901E-10
    -15.8950      0.0000      0.0000    0.8156566E-10
    -15.3063      0.0000      0.0000    0.8816381E-10
    -14.7176      0.0000      0.0000    0.9665885E-10
    -14.1289      0.0000      0.0000    0.1066186E-09
    -13.5402      0.0000      0.0000    0.1202188E-09
    -12.9515      0.0000      0.0000    0.1351039E-09
    -12.3628      0.0000      0.0000    0.1584074E-09
    -11.7741      0.0000      0.0000    0.1811948E-09
