      0.0000      0.0000    -18.2499    0.4203792E-09
      0.0000      0.0000    -17.6611    0.4267493E-09
      0.0000      0.0000    -17.0724    0.4375459E-09
      0.0000      0.0000    -16.4837    0.4533417E-09
      0.0000      0.0000    -15.8950    0.4741602E-09
      0.0000      0.0000    -15.3063    0.5022154E-09
      0.0000      0.0000    -14.7176    0.5354860E-09
      0.0000      0.0000    -14.1289    0.5826847E-09
      0.0000      0.0000    -13.5402    0.6303986E-09
      0.0000      0.0000    -12.9515    0.7168775E-09
      0.0000      0.0000    -12.3628    0.7733841E-09
      0.0000      0.0000    -11.7741    0.9811563E-09
      0.0000      0.0000    -11.1854    0.1021135E-08
      0.0000      0.0000    -10.5967    0.1823515E-08
      0.0000      0.0000    -10.0080    0.2060546E-08
      0.0000      0.0000     -9.4193    0.7116540E-08
      0.0000      0.0000     -8.8306    0.1310590E-07
      0.0000      0.0000     -8.2419    0.5708154E-07
      0.0000      0.0000     -7.6532    0.1508198E-06
      0.0000      0.0000     -7.0645    0.6044095E-06
      0.0000      0.0000     -6.4758    0.1853804E-05
      0.0000      0.0000     -5.8871    0.6973546E-05
      0.0000      0.0000     -5.2983    0.2291100E-04
      0.0000      0.0000     -4.7096    0.8442035E-04
      0.0000      0.0000     -4.1209    0.2910243E-03
      0.0000      0.0000     -3.5322    0.1091669E-02
      0.0000      0.0000     -2.9435    0.4025322E-02
      0.0000      0.0000     -2.3548    0.1631306E-01
      0.0000      0.0000     -1.7661    0.6830825E-01
      0.0000      0.0000     -1.1774    0.2827470E+00
      0.0000      0.0000     -0.5887    0.5330912E+00
      0.0000      0.0000      0.0000    0.2357528E+00
      0.0000      0.0000      0.5887    0.5330912E+00
      0.0000      0.0000      1.1774    0.2827470E+00
      0.0000      0.0000      1.7661    0.6830825E-01
      0.0000      0.0000      2.3548    0.1631306E-01
      0.0000      0.0000      2.9435    0.4025322E-02
      0.0000      0.0000      3.5322    0.1091669E-02
      0.0000      0.0000      4.1209    0.2910243E-03
      0.0000      0.0000      4.7096    0.8442035E-04
      0.0000      0.0000      5.2983    0.2291100E-04
      0.0000      0.0000      5.8871    0.6973546E-05
      0.0000      0.0000      6.4758    0.1853804E-05
      0.0000      0.0000      7.0645    0.6044095E-06
      0.0000      0.0000      7.6532    0.1508198E-06
      0.0000      0.0000      8.2419    0.5708154E-07
      0.0000      0.0000      8.8306    0.1310590E-07
      0.0000      0.0000      9.4193    0.7116540E-08
      0.0000      0.0000     10.0080    0.2060546E-08
      0.0000      0.0000     10.5967    0.1823515E-08
      0.0000      0.0000     11.1854    0.1021135E-08
      0.0000      0.0000     11.7741    0.9811563E-09
      0.0000      0.0000     12.3628    0.7733841E-09
      0.0000      0.0000     12.9515    0.7168775E-09
      0.0000      0.0000     13.5402    0.6303986E-09
      0.0000      0.0000     14.1289    0.5826847E-09
      0.0000      0.0000     14.7176    0.5354860E-09
      0.0000      0.0000     15.3063    0.5022154E-09
      0.0000      0.0000     15.8950    0.4741602E-09
      0.0000      0.0000     16.4837    0.4533417E-09
      0.0000      0.0000     17.0724    0.4375459E-09
      0.0000      0.0000     17.6611    0.4267493E-09
      0.0000      0.0000     18.2499    0.4203792E-09
      0.0000      0.0000     18.8386    0.4180947E-09
    -18.2499      0.0000      0.0000    0.6724761E-10
    -17.6611      0.0000      0.0000    0.6987054E-10
    -17.0724      0.0000      0.0000    0.7331874E-10
    -16.4837      0.0000      0.0000    0.7767775E-10
    -15.8950      0.0000      0.0000    0.8321516E-10
    -15.3063      0.0000      0.0000    0.8996424E-10
    -14.7176      0.0000      0.0000    0.9861747E-10
    -14.1289      0.0000      0.0000    0.1088326E-09
    -13.5402      0.0000      0.0000    0.1226266E-09
    -12.9515      0.0000      0.0000    0.1380152E-09
    -12.3628      0.0000      0.0000    0.1613992E-09
    -11.7741      0.0000      0.0000    0.1854593E-09
