      0.0000      0.0000    -18.2499    0.4191925E-09
      0.0000      0.0000    -17.6611    0.4255456E-09
      0.0000      0.0000    -17.0724    0.4363120E-09
      0.0000      0.0000    -16.4837    0.4520667E-09
      0.0000      0.0000    -15.8950    0.4728256E-09
      0.0000      0.0000    -15.3063    0.5008124E-09
      0.0000      0.0000    -14.7176    0.5339789E-09
      0.0000      0.0000    -14.1289    0.5810830E-09
      0.0000      0.0000    -13.5402    0.6286059E-09
      0.0000      0.0000    -12.9515    0.7149974E-09
      0.0000      0.0000    -12.3628    0.7710801E-09
      0.0000      0.0000    -11.7741    0.9789701E-09
      0.0000      0.0000    -11.1854    0.1017711E-08
      0.0000      0.0000    -10.5967    0.1821388E-08
      0.0000      0.0000    -10.0080    0.2053883E-08
      0.0000      0.0000     -9.4193    0.7117176E-08
      0.0000      0.0000     -8.8306    0.1308861E-07
      0.0000      0.0000     -8.2419    0.5710590E-07
      0.0000      0.0000     -7.6532    0.1507900E-06
      0.0000      0.0000     -7.0645    0.6046941E-06
      0.0000      0.0000     -6.4758    0.1854305E-05
      0.0000      0.0000     -5.8871    0.6977448E-05
      0.0000      0.0000     -5.2983    0.2292330E-04
      0.0000      0.0000     -4.7096    0.8447757E-04
      0.0000      0.0000     -4.1209    0.2912287E-03
      0.0000      0.0000     -3.5322    0.1092473E-02
      0.0000      0.0000     -2.9435    0.4028077E-02
      0.0000      0.0000     -2.3548    0.1632165E-01
      0.0000      0.0000     -1.7661    0.6832702E-01
      0.0000      0.0000     -1.1774    0.2827866E+00
      0.0000      0.0000     -0.5887    0.5334384E+00
      0.0000      0.0000      0.0000    0.2364724E+00
      0.0000      0.0000      0.5887    0.5334384E+00
      0.0000      0.0000      1.1774    0.2827866E+00
      0.0000      0.0000      1.7661    0.6832702E-01
      0.0000      0.0000      2.3548    0.1632165E-01
      0.0000      0.0000      2.9435    0.4028077E-02
      0.0000      0.0000      3.5322    0.1092473E-02
      0.0000      0.0000      4.1209    0.2912287E-03
      0.0000      0.0000      4.7096    0.8447757E-04
      0.0000      0.0000      5.2983    0.2292330E-04
      0.0000      0.0000      5.8871    0.6977448E-05
      0.0000      0.0000      6.4758    0.1854305E-05
      0.0000      0.0000      7.0645    0.6046941E-06
      0.0000      0.0000      7.6532    0.1507900E-06
      0.0000      0.0000      8.2419    0.5710590E-07
      0.0000      0.0000      8.8306    0.1308861E-07
      0.0000      0.0000      9.4193    0.7117176E-08
      0.0000      0.0000     10.0080    0.2053883E-08
      0.0000      0.0000     10.5967    0.1821388E-08
      0.0000      0.0000     11.1854    0.1017711E-08
      0.0000      0.0000     11.7741    0.9789701E-09
      0.0000      0.0000     12.3628    0.7710801E-09
      0.0000      0.0000     12.9515    0.7149974E-09
      0.0000      0.0000     13.5402    0.6286059E-09
      0.0000      0.0000     14.1289    0.5810830E-09
      0.0000      0.0000     14.7176    0.5339789E-09
      0.0000      0.0000     15.3063    0.5008124E-09
      0.0000      0.0000     15.8950    0.4728256E-09
      0.0000      0.0000     16.4837    0.4520667E-09
      0.0000      0.0000     17.0724    0.4363120E-09
      0.0000      0.0000     17.6611    0.4255456E-09
      0.0000      0.0000     18.2499    0.4191925E-09
      0.0000      0.0000     18.8386    0.4169146E-09
    -18.2499      0.0000      0.0000    0.7076459E-10
    -17.6611      0.0000      0.0000    0.7350856E-10
    -17.0724      0.0000      0.0000    0.7712327E-10
    -16.4837      0.0000      0.0000    0.8169947E-10
    -15.8950      0.0000      0.0000    0.8750079E-10
    -15.3063      0.0000      0.0000    0.9459978E-10
    -14.7176      0.0000      0.0000    0.1036438E-09
    -14.1289      0.0000      0.0000    0.1144350E-09
    -13.5402      0.0000      0.0000    0.1287545E-09
    -12.9515      0.0000      0.0000    0.1452059E-09
    -12.3628      0.0000      0.0000    0.1690651E-09
    -11.7741      0.0000      0.0000    0.1955737E-09
