      0.0000      0.0000    -18.2499    0.4209297E-09
      0.0000      0.0000    -17.6611    0.4273078E-09
      0.0000      0.0000    -17.0724    0.4381184E-09
      0.0000      0.0000    -16.4837    0.4539337E-09
      0.0000      0.0000    -15.8950    0.4747797E-09
      0.0000      0.0000    -15.3063    0.5028678E-09
      0.0000      0.0000    -14.7176    0.5361855E-09
      0.0000      0.0000    -14.1289    0.5834317E-09
      0.0000      0.0000    -13.5402    0.6312279E-09
      0.0000      0.0000    -12.9515    0.7177588E-09
      0.0000      0.0000    -12.3628    0.7744290E-09
      0.0000      0.0000    -11.7741    0.9821777E-09
      0.0000      0.0000    -11.1854    0.1022537E-08
      0.0000      0.0000    -10.5967    0.1824304E-08
      0.0000      0.0000    -10.0080    0.2062143E-08
      0.0000      0.0000     -9.4193    0.7113408E-08
      0.0000      0.0000     -8.8306    0.1310140E-07
      0.0000      0.0000     -8.2419    0.5704048E-07
      0.0000      0.0000     -7.6532    0.1507276E-06
      0.0000      0.0000     -7.0645    0.6040043E-06
      0.0000      0.0000     -6.4758    0.1852710E-05
      0.0000      0.0000     -5.8871    0.6969522E-05
      0.0000      0.0000     -5.2983    0.2289906E-04
      0.0000      0.0000     -4.7096    0.8437935E-04
      0.0000      0.0000     -4.1209    0.2908969E-03
      0.0000      0.0000     -3.5322    0.1091251E-02
      0.0000      0.0000     -2.9435    0.4024046E-02
      0.0000      0.0000     -2.3548    0.1630946E-01
      0.0000      0.0000     -1.7661    0.6830043E-01
      0.0000      0.0000     -1.1774    0.2827341E+00
      0.0000      0.0000     -0.5887    0.5329847E+00
      0.0000      0.0000      0.0000    0.2354993E+00
      0.0000      0.0000      0.5887    0.5329847E+00
      0.0000      0.0000      1.1774    0.2827341E+00
      0.0000      0.0000      1.7661    0.6830043E-01
      0.0000      0.0000      2.3548    0.1630946E-01
      0.0000      0.0000      2.9435    0.4024046E-02
      0.0000      0.0000      3.5322    0.1091251E-02
      0.0000      0.0000      4.1209    0.2908969E-03
      0.0000      0.0000      4.7096    0.8437935E-04
      0.0000      0.0000      5.2983    0.2289906E-04
      0.0000      0.0000      5.8871    0.6969522E-05
      0.0000      0.0000      6.4758    0.1852710E-05
      0.0000      0.0000      7.0645    0.6040043E-06
      0.0000      0.0000      7.6532    0.1507276E-06
      0.0000      0.0000      8.2419    0.5704048E-07
      0.0000      0.0000      8.8306    0.1310140E-07
      0.0000      0.0000      9.4193    0.7113408E-08
      0.0000      0.0000     10.0080    0.2062143E-08
      0.0000      0.0000     10.5967    0.1824304E-08
      0.0000      0.0000     11.1854    0.1022537E-08
      0.0000      0.0000     11.7741    0.9821777E-09
      0.0000      0.0000     12.3628    0.7744290E-09
      0.0000      0.0000     12.9515    0.7177588E-09
      0.0000      0.0000     13.5402    0.6312279E-09
      0.0000      0.0000     14.1289    0.5834317E-09
      0.0000      0.0000     14.7176    0.5361855E-09
      0.0000      0.0000     15.3063    0.5028678E-09
      0.0000      0.0000     15.8950    0.4747797E-09
      0.0000      0.0000     16.4837    0.4539337E-09
      0.0000      0.0000     17.0724    0.4381184E-09
      0.0000      0.0000     17.6611    0.4273078E-09
      0.0000      0.0000     18.2499    0.4209297E-09
      0.0000      0.0000     18.8386    0.4186421E-09
    -18.2499      0.0000      0.0000    0.6644328E-10
    -17.6611      0.0000      0.0000    0.6903396E-10
    -17.0724      0.0000      0.0000    0.7243939E-10
    -16.4837      0.0000      0.0000    0.7674281E-10
    -15.8950      0.0000      0.0000    0.8221443E-10
    -15.3063      0.0000      0.0000    0.8887434E-10
    -14.7176      0.0000      0.0000    0.9743290E-10
    -14.1289      0.0000      0.0000    0.1074980E-09
    -13.5402      0.0000      0.0000    0.1211736E-09
    -12.9515      0.0000      0.0000    0.1362702E-09
    -12.3628      0.0000      0.0000    0.1595920E-09
    -11.7741      0.0000      0.0000    0.1829262E-09
