      0.0000      0.0000    -18.2499    0.4196731E-09
      0.0000      0.0000    -17.6611    0.4260329E-09
      0.0000      0.0000    -17.0724    0.4368116E-09
      0.0000      0.0000    -16.4837    0.4525825E-09
      0.0000      0.0000    -15.8950    0.4733659E-09
      0.0000      0.0000    -15.3063    0.5013792E-09
      0.0000      0.0000    -14.7176    0.5345893E-09
      0.0000      0.0000    -14.1289    0.5817277E-09
      0.0000      0.0000    -13.5402    0.6293353E-09
      0.0000      0.0000    -12.9515    0.7157482E-09
      0.0000      0.0000    -12.3628    0.7720389E-09
      0.0000      0.0000    -11.7741    0.9798354E-09
      0.0000      0.0000    -11.1854    0.1019271E-08
      0.0000      0.0000    -10.5967    0.1822336E-08
      0.0000      0.0000    -10.0080    0.2057839E-08
      0.0000      0.0000     -9.4193    0.7118750E-08
      0.0000      0.0000     -8.8306    0.1310537E-07
      0.0000      0.0000     -8.2419    0.5711615E-07
      0.0000      0.0000     -7.6532    0.1508791E-06
      0.0000      0.0000     -7.0645    0.6047595E-06
      0.0000      0.0000     -6.4758    0.1854681E-05
      0.0000      0.0000     -5.8871    0.6977227E-05
      0.0000      0.0000     -5.2983    0.2292203E-04
      0.0000      0.0000     -4.7096    0.8446167E-04
      0.0000      0.0000     -4.1209    0.2911588E-03
      0.0000      0.0000     -3.5322    0.1092143E-02
      0.0000      0.0000     -2.9435    0.4026841E-02
      0.0000      0.0000     -2.3548    0.1631755E-01
      0.0000      0.0000     -1.7661    0.6831799E-01
      0.0000      0.0000     -1.1774    0.2827648E+00
      0.0000      0.0000     -0.5887    0.5332458E+00
      0.0000      0.0000      0.0000    0.2360957E+00
      0.0000      0.0000      0.5887    0.5332458E+00
      0.0000      0.0000      1.1774    0.2827648E+00
      0.0000      0.0000      1.7661    0.6831799E-01
      0.0000      0.0000      2.3548    0.1631755E-01
      0.0000      0.0000      2.9435    0.4026841E-02
      0.0000      0.0000      3.5322    0.1092143E-02
      0.0000      0.0000      4.1209    0.2911588E-03
      0.0000      0.0000      4.7096    0.8446167E-04
      0.0000      0.0000      5.2983    0.2292203E-04
      0.0000      0.0000      5.8871    0.6977227E-05
      0.0000      0.0000      6.4758    0.1854681E-05
      0.0000      0.0000      7.0645    0.6047595E-06
      0.0000      0.0000      7.6532    0.1508791E-06
      0.0000      0.0000      8.2419    0.5711615E-07
      0.0000      0.0000      8.8306    0.1310537E-07
      0.0000      0.0000      9.4193    0.7118750E-08
      0.0000      0.0000     10.0080    0.2057839E-08
      0.0000      0.0000     10.5967    0.1822336E-08
      0.0000      0.0000     11.1854    0.1019271E-08
      0.0000      0.0000     11.7741    0.9798354E-09
      0.0000      0.0000     12.3628    0.7720389E-09
      0.0000      0.0000     12.9515    0.7157482E-09
      0.0000      0.0000     13.5402    0.6293353E-09
      0.0000      0.0000     14.1289    0.5817277E-09
      0.0000      0.0000     14.7176    0.5345893E-09
      0.0000      0.0000     15.3063    0.5013792E-09
      0.0000      0.0000     15.8950    0.4733659E-09
      0.0000      0.0000     16.4837    0.4525825E-09
      0.0000      0.0000     17.0724    0.4368116E-09
      0.0000      0.0000     17.6611    0.4260329E-09
      0.0000      0.0000     18.2499    0.4196731E-09
      0.0000      0.0000     18.8386    0.4173925E-09
    -18.2499      0.0000      0.0000    0.6860905E-10
    -17.6611      0.0000      0.0000    0.7128188E-10
    -17.0724      0.0000      0.0000    0.7479757E-10
    -16.4837      0.0000      0.0000    0.7924448E-10
    -15.8950      0.0000      0.0000    0.8488763E-10
    -15.3063      0.0000      0.0000    0.9177800E-10
    -14.7176      0.0000      0.0000    0.1005862E-09
    -14.1289      0.0000      0.0000    0.1110357E-09
    -13.5402      0.0000      0.0000    0.1250331E-09
    -12.9515      0.0000      0.0000    0.1408626E-09
    -12.3628      0.0000      0.0000    0.1644057E-09
    -11.7741      0.0000      0.0000    0.1895100E-09
