      0.0000      0.0000    -18.2499    0.4182435E-09
      0.0000      0.0000    -17.6611    0.4245855E-09
      0.0000      0.0000    -17.0724    0.4353270E-09
      0.0000      0.0000    -16.4837    0.4510545E-09
      0.0000      0.0000    -15.8950    0.4717639E-09
      0.0000      0.0000    -15.3063    0.4997057E-09
      0.0000      0.0000    -14.7176    0.5327843E-09
      0.0000      0.0000    -14.1289    0.5798137E-09
      0.0000      0.0000    -13.5402    0.6271554E-09
      0.0000      0.0000    -12.9515    0.7133304E-09
      0.0000      0.0000    -12.3628    0.7687295E-09
      0.0000      0.0000    -11.7741    0.9751219E-09
      0.0000      0.0000    -11.1854    0.1008788E-08
      0.0000      0.0000    -10.5967    0.1798142E-08
      0.0000      0.0000    -10.0080    0.1982792E-08
      0.0000      0.0000     -9.4193    0.6903776E-08
      0.0000      0.0000     -8.8306    0.1241061E-07
      0.0000      0.0000     -8.2419    0.5503901E-07
      0.0000      0.0000     -7.6532    0.1443055E-06
      0.0000      0.0000     -7.0645    0.5851538E-06
      0.0000      0.0000     -6.4758    0.1794604E-05
      0.0000      0.0000     -5.8871    0.6802603E-05
      0.0000      0.0000     -5.2983    0.2241247E-04
      0.0000      0.0000     -4.7096    0.8306871E-04
      0.0000      0.0000     -4.1209    0.2874747E-03
      0.0000      0.0000     -3.5322    0.1083587E-02
      0.0000      0.0000     -2.9435    0.4010233E-02
      0.0000      0.0000     -2.3548    0.1630452E-01
      0.0000      0.0000     -1.7661    0.6840468E-01
      0.0000      0.0000     -1.1774    0.2835207E+00
      0.0000      0.0000     -0.5887    0.5358367E+00
      0.0000      0.0000      0.0000    0.2388805E+00
      0.0000      0.0000      0.5887    0.5358367E+00
      0.0000      0.0000      1.1774    0.2835207E+00
      0.0000      0.0000      1.7661    0.6840468E-01
      0.0000      0.0000      2.3548    0.1630452E-01
      0.0000      0.0000      2.9435    0.4010233E-02
      0.0000      0.0000      3.5322    0.1083587E-02
      0.0000      0.0000      4.1209    0.2874747E-03
      0.0000      0.0000      4.7096    0.8306871E-04
      0.0000      0.0000      5.2983    0.2241247E-04
      0.0000      0.0000      5.8871    0.6802603E-05
      0.0000      0.0000      6.4758    0.1794604E-05
      0.0000      0.0000      7.0645    0.5851538E-06
      0.0000      0.0000      7.6532    0.1443055E-06
      0.0000      0.0000      8.2419    0.5503901E-07
      0.0000      0.0000      8.8306    0.1241061E-07
      0.0000      0.0000      9.4193    0.6903776E-08
      0.0000      0.0000     10.0080    0.1982792E-08
      0.0000      0.0000     10.5967    0.1798142E-08
      0.0000      0.0000     11.1854    0.1008788E-08
      0.0000      0.0000     11.7741    0.9751219E-09
      0.0000      0.0000     12.3628    0.7687295E-09
      0.0000      0.0000     12.9515    0.7133304E-09
      0.0000      0.0000     13.5402    0.6271554E-09
      0.0000      0.0000     14.1289    0.5798137E-09
      0.0000      0.0000     14.7176    0.5327843E-09
      0.0000      0.0000     15.3063    0.4997057E-09
      0.0000      0.0000     15.8950    0.4717639E-09
      0.0000      0.0000     16.4837    0.4510545E-09
      0.0000      0.0000     17.0724    0.4353270E-09
      0.0000      0.0000     17.6611    0.4245855E-09
      0.0000      0.0000     18.2499    0.4182435E-09
      0.0000      0.0000     18.8386    0.4159715E-09
    -18.2499      0.0000      0.0000    0.7616881E-10
    -17.6611      0.0000      0.0000    0.7903406E-10
    -17.0724      0.0000      0.0000    0.8286165E-10
    -16.4837      0.0000      0.0000    0.8769200E-10
    -15.8950      0.0000      0.0000    0.9386298E-10
    -15.3063      0.0000      0.0000    0.1013497E-09
    -14.7176      0.0000      0.0000    0.1110306E-09
    -14.1289      0.0000      0.0000    0.1223176E-09
    -13.5402      0.0000      0.0000    0.1378478E-09
    -12.9515      0.0000      0.0000    0.1546614E-09
    -12.3628      0.0000      0.0000    0.1813871E-09
    -11.7741      0.0000      0.0000    0.2070747E-09
