      0.0000      0.0000    -18.2499    0.4190231E-09
      0.0000      0.0000    -17.6611    0.4253737E-09
      0.0000      0.0000    -17.0724    0.4361360E-09
      0.0000      0.0000    -16.4837    0.4518842E-09
      0.0000      0.0000    -15.8950    0.4726353E-09
      0.0000      0.0000    -15.3063    0.5006105E-09
      0.0000      0.0000    -14.7176    0.5337651E-09
      0.0000      0.0000    -14.1289    0.5808488E-09
      0.0000      0.0000    -13.5402    0.6283580E-09
      0.0000      0.0000    -12.9515    0.7147099E-09
      0.0000      0.0000    -12.3628    0.7707922E-09
      0.0000      0.0000    -11.7741    0.9785925E-09
      0.0000      0.0000    -11.1854    0.1017432E-08
      0.0000      0.0000    -10.5967    0.1820896E-08
      0.0000      0.0000    -10.0080    0.2054064E-08
      0.0000      0.0000     -9.4193    0.7117045E-08
      0.0000      0.0000     -8.8306    0.1309234E-07
      0.0000      0.0000     -8.2419    0.5711111E-07
      0.0000      0.0000     -7.6532    0.1508155E-06
      0.0000      0.0000     -7.0645    0.6047349E-06
      0.0000      0.0000     -6.4758    0.1854424E-05
      0.0000      0.0000     -5.8871    0.6977569E-05
      0.0000      0.0000     -5.2983    0.2292332E-04
      0.0000      0.0000     -4.7096    0.8447588E-04
      0.0000      0.0000     -4.1209    0.2912199E-03
      0.0000      0.0000     -3.5322    0.1092434E-02
      0.0000      0.0000     -2.9435    0.4027929E-02
      0.0000      0.0000     -2.3548    0.1632114E-01
      0.0000      0.0000     -1.7661    0.6832579E-01
      0.0000      0.0000     -1.1774    0.2827835E+00
      0.0000      0.0000     -0.5887    0.5334257E+00
      0.0000      0.0000      0.0000    0.2364538E+00
      0.0000      0.0000      0.5887    0.5334257E+00
      0.0000      0.0000      1.1774    0.2827835E+00
      0.0000      0.0000      1.7661    0.6832579E-01
      0.0000      0.0000      2.3548    0.1632114E-01
      0.0000      0.0000      2.9435    0.4027929E-02
      0.0000      0.0000      3.5322    0.1092434E-02
      0.0000      0.0000      4.1209    0.2912199E-03
      0.0000      0.0000      4.7096    0.8447588E-04
      0.0000      0.0000      5.2983    0.2292332E-04
      0.0000      0.0000      5.8871    0.6977569E-05
      0.0000      0.0000      6.4758    0.1854424E-05
      0.0000      0.0000      7.0645    0.6047349E-06
      0.0000      0.0000      7.6532    0.1508155E-06
      0.0000      0.0000      8.2419    0.5711111E-07
      0.0000      0.0000      8.8306    0.1309234E-07
      0.0000      0.0000      9.4193    0.7117045E-08
      0.0000      0.0000     10.0080    0.2054064E-08
      0.0000      0.0000     10.5967    0.1820896E-08
      0.0000      0.0000     11.1854    0.1017432E-08
      0.0000      0.0000     11.7741    0.9785925E-09
      0.0000      0.0000     12.3628    0.7707922E-09
      0.0000      0.0000     12.9515    0.7147099E-09
      0.0000      0.0000     13.5402    0.6283580E-09
      0.0000      0.0000     14.1289    0.5808488E-09
      0.0000      0.0000     14.7176    0.5337651E-09
      0.0000      0.0000     15.3063    0.5006105E-09
      0.0000      0.0000     15.8950    0.4726353E-09
      0.0000      0.0000     16.4837    0.4518842E-09
      0.0000      0.0000     17.0724    0.4361360E-09
      0.0000      0.0000     17.6611    0.4253737E-09
      0.0000      0.0000     18.2499    0.4190231E-09
      0.0000      0.0000     18.8386    0.4167462E-09
    -18.2499      0.0000      0.0000    0.7008208E-10
    -17.6611      0.0000      0.0000    0.7280543E-10
    -17.0724      0.0000      0.0000    0.7639091E-10
    -16.4837      0.0000      0.0000    0.8092869E-10
    -15.8950      0.0000      0.0000    0.8668267E-10
    -15.3063      0.0000      0.0000    0.9371926E-10
    -14.7176      0.0000      0.0000    0.1026923E-09
    -14.1289      0.0000      0.0000    0.1133815E-09
    -13.5402      0.0000      0.0000    0.1276036E-09
    -12.9515      0.0000      0.0000    0.1438705E-09
    -12.3628      0.0000      0.0000    0.1676319E-09
    -11.7741      0.0000      0.0000    0.1937252E-09
