      0.0000      0.0000    -18.2499    0.4199057E-09
      0.0000      0.0000    -17.6611    0.4262690E-09
      0.0000      0.0000    -17.0724    0.4370535E-09
      0.0000      0.0000    -16.4837    0.4528329E-09
      0.0000      0.0000    -15.8950    0.4736273E-09
      0.0000      0.0000    -15.3063    0.5016555E-09
      0.0000      0.0000    -14.7176    0.5348835E-09
      0.0000      0.0000    -14.1289    0.5820461E-09
      0.0000      0.0000    -13.5402    0.6296804E-09
      0.0000      0.0000    -12.9515    0.7161336E-09
      0.0000      0.0000    -12.3628    0.7724619E-09
      0.0000      0.0000    -11.7741    0.9803354E-09
      0.0000      0.0000    -11.1854    0.1019828E-08
      0.0000      0.0000    -10.5967    0.1823094E-08
      0.0000      0.0000    -10.0080    0.2058809E-08
      0.0000      0.0000     -9.4193    0.7120645E-08
      0.0000      0.0000     -8.8306    0.1310940E-07
      0.0000      0.0000     -8.2419    0.5712743E-07
      0.0000      0.0000     -7.6532    0.1509140E-06
      0.0000      0.0000     -7.0645    0.6048635E-06
      0.0000      0.0000     -6.4758    0.1855020E-05
      0.0000      0.0000     -5.8871    0.6978205E-05
      0.0000      0.0000     -5.2983    0.2292500E-04
      0.0000      0.0000     -4.7096    0.8446942E-04
      0.0000      0.0000     -4.1209    0.2911786E-03
      0.0000      0.0000     -3.5322    0.1092182E-02
      0.0000      0.0000     -2.9435    0.4026895E-02
      0.0000      0.0000     -2.3548    0.1631752E-01
      0.0000      0.0000     -1.7661    0.6831758E-01
      0.0000      0.0000     -1.1774    0.2827617E+00
      0.0000      0.0000     -0.5887    0.5332182E+00
      0.0000      0.0000      0.0000    0.2360475E+00
      0.0000      0.0000      0.5887    0.5332182E+00
      0.0000      0.0000      1.1774    0.2827617E+00
      0.0000      0.0000      1.7661    0.6831758E-01
      0.0000      0.0000      2.3548    0.1631752E-01
      0.0000      0.0000      2.9435    0.4026895E-02
      0.0000      0.0000      3.5322    0.1092182E-02
      0.0000      0.0000      4.1209    0.2911786E-03
      0.0000      0.0000      4.7096    0.8446942E-04
      0.0000      0.0000      5.2983    0.2292500E-04
      0.0000      0.0000      5.8871    0.6978206E-05
      0.0000      0.0000      6.4758    0.1855020E-05
      0.0000      0.0000      7.0645    0.6048635E-06
      0.0000      0.0000      7.6532    0.1509140E-06
      0.0000      0.0000      8.2419    0.5712743E-07
      0.0000      0.0000      8.8306    0.1310940E-07
      0.0000      0.0000      9.4193    0.7120645E-08
      0.0000      0.0000     10.0080    0.2058809E-08
      0.0000      0.0000     10.5967    0.1823094E-08
      0.0000      0.0000     11.1854    0.1019828E-08
      0.0000      0.0000     11.7741    0.9803354E-09
      0.0000      0.0000     12.3628    0.7724619E-09
      0.0000      0.0000     12.9515    0.7161336E-09
      0.0000      0.0000     13.5402    0.6296804E-09
      0.0000      0.0000     14.1289    0.5820461E-09
      0.0000      0.0000     14.7176    0.5348835E-09
      0.0000      0.0000     15.3063    0.5016555E-09
      0.0000      0.0000     15.8950    0.4736273E-09
      0.0000      0.0000     16.4837    0.4528329E-09
      0.0000      0.0000     17.0724    0.4370535E-09
      0.0000      0.0000     17.6611    0.4262690E-09
      0.0000      0.0000     18.2499    0.4199057E-09
      0.0000      0.0000     18.8386    0.4176239E-09
    -18.2499      0.0000      0.0000    0.6878388E-10
    -17.6611      0.0000      0.0000    0.7146155E-10
    -17.0724      0.0000      0.0000    0.7498410E-10
    -16.4837      0.0000      0.0000    0.7944019E-10
    -15.8950      0.0000      0.0000    0.8509454E-10
    -15.3063      0.0000      0.0000    0.9200004E-10
    -14.7176      0.0000      0.0000    0.1008248E-09
    -14.1289      0.0000      0.0000    0.1112995E-09
    -13.5402      0.0000      0.0000    0.1253181E-09
    -12.9515      0.0000      0.0000    0.1411955E-09
    -12.3628      0.0000      0.0000    0.1647526E-09
    -11.7741      0.0000      0.0000    0.1899734E-09
