      0.0000      0.0000    -18.2499    0.4171942E-09
      0.0000      0.0000    -17.6611    0.4235201E-09
      0.0000      0.0000    -17.0724    0.4342358E-09
      0.0000      0.0000    -16.4837    0.4499236E-09
      0.0000      0.0000    -15.8950    0.4705837E-09
      0.0000      0.0000    -15.3063    0.4984552E-09
      0.0000      0.0000    -14.7176    0.5314560E-09
      0.0000      0.0000    -14.1289    0.5783724E-09
      0.0000      0.0000    -13.5402    0.6256068E-09
      0.0000      0.0000    -12.9515    0.7116201E-09
      0.0000      0.0000    -12.3628    0.7669552E-09
      0.0000      0.0000    -11.7741    0.9733200E-09
      0.0000      0.0000    -11.1854    0.1007813E-08
      0.0000      0.0000    -10.5967    0.1799655E-08
      0.0000      0.0000    -10.0080    0.1994619E-08
      0.0000      0.0000     -9.4193    0.6945759E-08
      0.0000      0.0000     -8.8306    0.1255691E-07
      0.0000      0.0000     -8.2419    0.5549287E-07
      0.0000      0.0000     -7.6532    0.1457639E-06
      0.0000      0.0000     -7.0645    0.5895572E-06
      0.0000      0.0000     -6.4758    0.1808236E-05
      0.0000      0.0000     -5.8871    0.6842546E-05
      0.0000      0.0000     -5.2983    0.2253040E-04
      0.0000      0.0000     -4.7096    0.8339316E-04
      0.0000      0.0000     -4.1209    0.2883424E-03
      0.0000      0.0000     -3.5322    0.1085585E-02
      0.0000      0.0000     -2.9435    0.4013946E-02
      0.0000      0.0000     -2.3548    0.1630523E-01
      0.0000      0.0000     -1.7661    0.6836880E-01
      0.0000      0.0000     -1.1774    0.2832748E+00
      0.0000      0.0000     -0.5887    0.5351505E+00
      0.0000      0.0000      0.0000    0.2382010E+00
      0.0000      0.0000      0.5887    0.5351505E+00
      0.0000      0.0000      1.1774    0.2832748E+00
      0.0000      0.0000      1.7661    0.6836880E-01
      0.0000      0.0000      2.3548    0.1630523E-01
      0.0000      0.0000      2.9435    0.4013946E-02
      0.0000      0.0000      3.5322    0.1085585E-02
      0.0000      0.0000      4.1209    0.2883424E-03
      0.0000      0.0000      4.7096    0.8339316E-04
      0.0000      0.0000      5.2983    0.2253040E-04
      0.0000      0.0000      5.8871    0.6842546E-05
      0.0000      0.0000      6.4758    0.1808236E-05
      0.0000      0.0000      7.0645    0.5895572E-06
      0.0000      0.0000      7.6532    0.1457639E-06
      0.0000      0.0000      8.2419    0.5549287E-07
      0.0000      0.0000      8.8306    0.1255691E-07
      0.0000      0.0000      9.4193    0.6945759E-08
      0.0000      0.0000     10.0080    0.1994619E-08
      0.0000      0.0000     10.5967    0.1799655E-08
      0.0000      0.0000     11.1854    0.1007813E-08
      0.0000      0.0000     11.7741    0.9733200E-09
      0.0000      0.0000     12.3628    0.7669552E-09
      0.0000      0.0000     12.9515    0.7116201E-09
      0.0000      0.0000     13.5402    0.6256068E-09
      0.0000      0.0000     14.1289    0.5783724E-09
      0.0000      0.0000     14.7176    0.5314560E-09
      0.0000      0.0000     15.3063    0.4984552E-09
      0.0000      0.0000     15.8950    0.4705837E-09
      0.0000      0.0000     16.4837    0.4499236E-09
      0.0000      0.0000     17.0724    0.4342358E-09
      0.0000      0.0000     17.6611    0.4235201E-09
      0.0000      0.0000     18.2499    0.4171942E-09
      0.0000      0.0000     18.8386    0.4149277E-09
    -18.2499      0.0000      0.0000    0.7627694E-10
    -17.6611      0.0000      0.0000    0.7916678E-10
    -17.0724      0.0000      0.0000    0.8301273E-10
    -16.4837      0.0000      0.0000    0.8787565E-10
    -15.8950      0.0000      0.0000    0.9406536E-10
    -15.3063      0.0000      0.0000    0.1016125E-09
    -14.7176      0.0000      0.0000    0.1112913E-09
    -14.1289      0.0000      0.0000    0.1227261E-09
    -13.5402      0.0000      0.0000    0.1381351E-09
    -12.9515      0.0000      0.0000    0.1554032E-09
    -12.3628      0.0000      0.0000    0.1814328E-09
    -11.7741      0.0000      0.0000    0.2086869E-09
