      0.0000      0.0000    -18.2499    0.4167904E-09
      0.0000      0.0000    -17.6611    0.4231092E-09
      0.0000      0.0000    -17.0724    0.4338154E-09
      0.0000      0.0000    -16.4837    0.4494857E-09
      0.0000      0.0000    -15.8950    0.4701276E-09
      0.0000      0.0000    -15.3063    0.4979684E-09
      0.0000      0.0000    -14.7176    0.5309414E-09
      0.0000      0.0000    -14.1289    0.5778141E-09
      0.0000      0.0000    -13.5402    0.6250198E-09
      0.0000      0.0000    -12.9515    0.7110302E-09
      0.0000      0.0000    -12.3628    0.7664822E-09
      0.0000      0.0000    -11.7741    0.9734808E-09
      0.0000      0.0000    -11.1854    0.1009927E-08
      0.0000      0.0000    -10.5967    0.1808945E-08
      0.0000      0.0000    -10.0080    0.2025417E-08
      0.0000      0.0000     -9.4193    0.7047846E-08
      0.0000      0.0000     -8.8306    0.1287675E-07
      0.0000      0.0000     -8.2419    0.5649981E-07
      0.0000      0.0000     -7.6532    0.1488756E-06
      0.0000      0.0000     -7.0645    0.5990857E-06
      0.0000      0.0000     -6.4758    0.1837113E-05
      0.0000      0.0000     -5.8871    0.6928143E-05
      0.0000      0.0000     -5.2983    0.2278034E-04
      0.0000      0.0000     -4.7096    0.8409279E-04
      0.0000      0.0000     -4.1209    0.2902262E-03
      0.0000      0.0000     -3.5322    0.1090174E-02
      0.0000      0.0000     -2.9435    0.4023539E-02
      0.0000      0.0000     -2.3548    0.1631605E-01
      0.0000      0.0000     -1.7661    0.6833410E-01
      0.0000      0.0000     -1.1774    0.2829330E+00
      0.0000      0.0000     -0.5887    0.5342185E+00
      0.0000      0.0000      0.0000    0.2374820E+00
      0.0000      0.0000      0.5887    0.5342185E+00
      0.0000      0.0000      1.1774    0.2829330E+00
      0.0000      0.0000      1.7661    0.6833410E-01
      0.0000      0.0000      2.3548    0.1631605E-01
      0.0000      0.0000      2.9435    0.4023539E-02
      0.0000      0.0000      3.5322    0.1090174E-02
      0.0000      0.0000      4.1209    0.2902262E-03
      0.0000      0.0000      4.7096    0.8409279E-04
      0.0000      0.0000      5.2983    0.2278034E-04
      0.0000      0.0000      5.8871    0.6928143E-05
      0.0000      0.0000      6.4758    0.1837113E-05
      0.0000      0.0000      7.0645    0.5990857E-06
      0.0000      0.0000      7.6532    0.1488756E-06
      0.0000      0.0000      8.2419    0.5649981E-07
      0.0000      0.0000      8.8306    0.1287675E-07
      0.0000      0.0000      9.4193    0.7047846E-08
      0.0000      0.0000     10.0080    0.2025417E-08
      0.0000      0.0000     10.5967    0.1808945E-08
      0.0000      0.0000     11.1854    0.1009927E-08
      0.0000      0.0000     11.7741    0.9734808E-09
      0.0000      0.0000     12.3628    0.7664822E-09
      0.0000      0.0000     12.9515    0.7110302E-09
      0.0000      0.0000     13.5402    0.6250198E-09
      0.0000      0.0000     14.1289    0.5778141E-09
      0.0000      0.0000     14.7176    0.5309414E-09
      0.0000      0.0000     15.3063    0.4979684E-09
      0.0000      0.0000     15.8950    0.4701276E-09
      0.0000      0.0000     16.4837    0.4494857E-09
      0.0000      0.0000     17.0724    0.4338154E-09
      0.0000      0.0000     17.6611    0.4231092E-09
      0.0000      0.0000     18.2499    0.4167904E-09
      0.0000      0.0000     18.8386    0.4145259E-09
    -18.2499      0.0000      0.0000    0.7476445E-10
    -17.6611      0.0000      0.0000    0.7762828E-10
    -17.0724      0.0000      0.0000    0.8141840E-10
    -16.4837      0.0000      0.0000    0.8622017E-10
    -15.8950      0.0000      0.0000    0.9230852E-10
    -15.3063      0.0000      0.0000    0.9976830E-10
    -14.7176      0.0000      0.0000    0.1092578E-09
    -14.1289      0.0000      0.0000    0.1206134E-09
    -13.5402      0.0000      0.0000    0.1356100E-09
    -12.9515      0.0000      0.0000    0.1529767E-09
    -12.3628      0.0000      0.0000    0.1778414E-09
    -11.7741      0.0000      0.0000    0.2060266E-09
