    -18.2499      0.0000      0.0000    0.8793130E+00
    -17.6611      0.0000      0.0000    0.9087041E+00
    -17.0724      0.0000      0.0000    0.9401269E+00
    -16.4837      0.0000      0.0000    0.9737996E+00
    -15.8950      0.0000      0.0000    0.1009973E+01
    -15.3063      0.0000      0.0000    0.1048935E+01
    -14.7176      0.0000      0.0000    0.1091022E+01
    -14.1289      0.0000      0.0000    0.1136624E+01
    -13.5402      0.0000      0.0000    0.1186202E+01
    -12.9515      0.0000      0.0000    0.1240297E+01
    -12.3628      0.0000      0.0000    0.1299556E+01
    -11.7741      0.0000      0.0000    0.1364753E+01
    -11.1854      0.0000      0.0000    0.1436826E+01
    -10.5967      0.0000      0.0000    0.1516922E+01
    -10.0080      0.0000      0.0000    0.1606455E+01
     -9.4193      0.0000      0.0000    0.1707189E+01
     -8.8306      0.0000      0.0000    0.1821360E+01
     -8.2419      0.0000      0.0000    0.1951833E+01
     -7.6532      0.0000      0.0000    0.2102343E+01
     -7.0645      0.0000      0.0000    0.2277852E+01
     -6.4758      0.0000      0.0000    0.2485081E+01
     -5.8871      0.0000      0.0000    0.2733353E+01
     -5.2983      0.0000      0.0000    0.3035952E+01
     -4.7096      0.0000      0.0000    0.3412375E+01
     -4.1209      0.0000      0.0000    0.3892218E+01
     -3.5322      0.0000      0.0000    0.4522039E+01
     -2.9435      0.0000      0.0000    0.5377639E+01
     -2.3548      0.0000      0.0000    0.6586610E+01
     -1.7661      0.0000      0.0000    0.8394143E+01
     -1.1774      0.0000      0.0000    0.1177328E+02
     -0.5887      0.0000      0.0000    0.1834376E+02
      0.0000      0.0000      0.0000    0.2026333E+02
      0.5887      0.0000      0.0000    0.2002432E+02
      1.1774      0.0000      0.0000    0.1567511E+02
      1.7661      0.0000      0.0000    0.9424690E+01
      2.3548      0.0000      0.0000    0.6767258E+01
      2.9435      0.0000      0.0000    0.5388373E+01
      3.5322      0.0000      0.0000    0.4486104E+01
      4.1209      0.0000      0.0000    0.3845294E+01
      4.7096      0.0000      0.0000    0.3365893E+01
      5.2983      0.0000      0.0000    0.2993395E+01
      5.8871      0.0000      0.0000    0.2695465E+01
      6.4758      0.0000      0.0000    0.2451662E+01
      7.0645      0.0000      0.0000    0.2248419E+01
      7.6532      0.0000      0.0000    0.2076364E+01
      8.2419      0.0000      0.0000    0.1928815E+01
      8.8306      0.0000      0.0000    0.1800875E+01
      9.4193      0.0000      0.0000    0.1688872E+01
     10.0080      0.0000      0.0000    0.1589999E+01
     10.5967      0.0000      0.0000    0.1502072E+01
     11.1854      0.0000      0.0000    0.1423367E+01
     11.7741      0.0000      0.0000    0.1352505E+01
     12.3628      0.0000      0.0000    0.1288368E+01
     12.9515      0.0000      0.0000    0.1230041E+01
     13.5402      0.0000      0.0000    0.1176769E+01
     14.1289      0.0000      0.0000    0.1127921E+01
     14.7176      0.0000      0.0000    0.1082968E+01
     15.3063      0.0000      0.0000    0.1041462E+01
     15.8950      0.0000      0.0000    0.1003021E+01
     16.4837      0.0000      0.0000    0.9673171E+00
     17.0724      0.0000      0.0000    0.9340684E+00
     17.6611      0.0000      0.0000    0.9030298E+00
     18.2499      0.0000      0.0000    0.8739879E+00
     18.8386      0.0000      0.0000    0.8467562E+00
      0.0000      0.0000    -18.2499    0.4213673E-09
      0.0000      0.0000    -17.6611    0.4277517E-09
      0.0000      0.0000    -17.0724    0.4385734E-09
      0.0000      0.0000    -16.4837    0.4544042E-09
      0.0000      0.0000    -15.8950    0.4752722E-09
      0.0000      0.0000    -15.3063    0.5033862E-09
      0.0000      0.0000    -14.7176    0.5367420E-09
      0.0000      0.0000    -14.1289    0.5840245E-09
      0.0000      0.0000    -13.5402    0.6318886E-09
      0.0000      0.0000    -12.9515    0.7184545E-09
      0.0000      0.0000    -12.3628    0.7752630E-09
      0.0000      0.0000    -11.7741    0.9829585E-09
      0.0000      0.0000    -11.1854    0.1023637E-08
      0.0000      0.0000    -10.5967    0.1824703E-08
      0.0000      0.0000    -10.0080    0.2063058E-08
      0.0000      0.0000     -9.4193    0.7108997E-08
      0.0000      0.0000     -8.8306    0.1309342E-07
      0.0000      0.0000     -8.2419    0.5699043E-07
      0.0000      0.0000     -7.6532    0.1506076E-06
      0.0000      0.0000     -7.0645    0.6035198E-06
      0.0000      0.0000     -6.4758    0.1851376E-05
      0.0000      0.0000     -5.8871    0.6964817E-05
      0.0000      0.0000     -5.2983    0.2288518E-04
      0.0000      0.0000     -4.7096    0.8433317E-04
      0.0000      0.0000     -4.1209    0.2907563E-03
      0.0000      0.0000     -3.5322    0.1090802E-02
      0.0000      0.0000     -2.9435    0.4022706E-02
      0.0000      0.0000     -2.3548    0.1630570E-01
      0.0000      0.0000     -1.7661    0.6829212E-01
      0.0000      0.0000     -1.1774    0.2827207E+00
      0.0000      0.0000     -0.5887    0.5328956E+00
      0.0000      0.0000      0.0000    0.2352864E+00
      0.0000      0.0000      0.5887    0.5328956E+00
      0.0000      0.0000      1.1774    0.2827207E+00
      0.0000      0.0000      1.7661    0.6829212E-01
      0.0000      0.0000      2.3548    0.1630570E-01
      0.0000      0.0000      2.9435    0.4022706E-02
      0.0000      0.0000      3.5322    0.1090802E-02
      0.0000      0.0000      4.1209    0.2907563E-03
      0.0000      0.0000      4.7096    0.8433317E-04
      0.0000      0.0000      5.2983    0.2288518E-04
      0.0000      0.0000      5.8871    0.6964817E-05
      0.0000      0.0000      6.4758    0.1851376E-05
      0.0000      0.0000      7.0645    0.6035198E-06
      0.0000      0.0000      7.6532    0.1506076E-06
      0.0000      0.0000      8.2419    0.5699043E-07
      0.0000      0.0000      8.8306    0.1309342E-07
      0.0000      0.0000      9.4193    0.7108997E-08
      0.0000      0.0000     10.0080    0.2063058E-08
      0.0000      0.0000     10.5967    0.1824703E-08
      0.0000      0.0000     11.1854    0.1023637E-08
      0.0000      0.0000     11.7741    0.9829585E-09
      0.0000      0.0000     12.3628    0.7752630E-09
      0.0000      0.0000     12.9515    0.7184545E-09
      0.0000      0.0000     13.5402    0.6318886E-09
      0.0000      0.0000     14.1289    0.5840245E-09
      0.0000      0.0000     14.7176    0.5367420E-09
      0.0000      0.0000     15.3063    0.5033862E-09
      0.0000      0.0000     15.8950    0.4752722E-09
      0.0000      0.0000     16.4837    0.4544042E-09
      0.0000      0.0000     17.0724    0.4385734E-09
      0.0000      0.0000     17.6611    0.4277517E-09
      0.0000      0.0000     18.2499    0.4213673E-09
      0.0000      0.0000     18.8386    0.4190772E-09
    -18.2499      0.0000      0.0000    0.6581968E-10
    -17.6611      0.0000      0.0000    0.6838297E-10
    -17.0724      0.0000      0.0000    0.7175270E-10
    -16.4837      0.0000      0.0000    0.7600982E-10
    -15.8950      0.0000      0.0000    0.8142756E-10
    -15.3063      0.0000      0.0000    0.8801333E-10
    -14.7176      0.0000      0.0000    0.9649582E-10
    -14.1289      0.0000      0.0000    0.1064344E-09
    -13.5402      0.0000      0.0000    0.1200201E-09
    -12.9515      0.0000      0.0000    0.1348621E-09
    -12.3628      0.0000      0.0000    0.1581644E-09
    -11.7741      0.0000      0.0000    0.1808386E-09
    -11.1854      0.0000      0.0000    0.2275453E-09
    -10.5967      0.0000      0.0000    0.2794012E-09
    -10.0080      0.0000      0.0000    0.4319856E-09
     -9.4193      0.0000      0.0000    0.8445943E-09
     -8.8306      0.0000      0.0000    0.2194697E-08
     -8.2419      0.0000      0.0000    0.8376575E-08
     -7.6532      0.0000      0.0000    0.2966795E-07
     -7.0645      0.0000      0.0000    0.1310952E-06
     -6.4758      0.0000      0.0000    0.5058825E-06
     -5.8871      0.0000      0.0000    0.2222741E-05
     -5.2983      0.0000      0.0000    0.8931354E-05
     -4.7096      0.0000      0.0000    0.3890845E-04
