      0.0000      0.0000    -18.2499    0.4182136E-09
      0.0000      0.0000    -17.6611    0.4245554E-09
      0.0000      0.0000    -17.0724    0.4352962E-09
      0.0000      0.0000    -16.4837    0.4510236E-09
      0.0000      0.0000    -15.8950    0.4717315E-09
      0.0000      0.0000    -15.3063    0.4996734E-09
      0.0000      0.0000    -14.7176    0.5327492E-09
      0.0000      0.0000    -14.1289    0.5797794E-09
      0.0000      0.0000    -13.5402    0.6271123E-09
      0.0000      0.0000    -12.9515    0.7132849E-09
      0.0000      0.0000    -12.3628    0.7686334E-09
      0.0000      0.0000    -11.7741    0.9749565E-09
      0.0000      0.0000    -11.1854    0.1008182E-08
      0.0000      0.0000    -10.5967    0.1796633E-08
      0.0000      0.0000    -10.0080    0.1977005E-08
      0.0000      0.0000     -9.4193    0.6887743E-08
      0.0000      0.0000     -8.8306    0.1235255E-07
      0.0000      0.0000     -8.2419    0.5487198E-07
      0.0000      0.0000     -7.6532    0.1437342E-06
      0.0000      0.0000     -7.0645    0.5834984E-06
      0.0000      0.0000     -6.4758    0.1789261E-05
      0.0000      0.0000     -5.8871    0.6787494E-05
      0.0000      0.0000     -5.2983    0.2236725E-04
      0.0000      0.0000     -4.7096    0.8295039E-04
      0.0000      0.0000     -4.1209    0.2871658E-03
      0.0000      0.0000     -3.5322    0.1082939E-02
      0.0000      0.0000     -2.9435    0.4009133E-02
      0.0000      0.0000     -2.3548    0.1630468E-01
      0.0000      0.0000     -1.7661    0.6841672E-01
      0.0000      0.0000     -1.1774    0.2836327E+00
      0.0000      0.0000     -0.5887    0.5363587E+00
      0.0000      0.0000      0.0000    0.2395789E+00
      0.0000      0.0000      0.5887    0.5363587E+00
      0.0000      0.0000      1.1774    0.2836327E+00
      0.0000      0.0000      1.7661    0.6841672E-01
      0.0000      0.0000      2.3548    0.1630468E-01
      0.0000      0.0000      2.9435    0.4009133E-02
      0.0000      0.0000      3.5322    0.1082939E-02
      0.0000      0.0000      4.1209    0.2871658E-03
      0.0000      0.0000      4.7096    0.8295039E-04
      0.0000      0.0000      5.2983    0.2236725E-04
      0.0000      0.0000      5.8871    0.6787494E-05
      0.0000      0.0000      6.4758    0.1789261E-05
      0.0000      0.0000      7.0645    0.5834984E-06
      0.0000      0.0000      7.6532    0.1437342E-06
      0.0000      0.0000      8.2419    0.5487198E-07
      0.0000      0.0000      8.8306    0.1235255E-07
      0.0000      0.0000      9.4193    0.6887743E-08
      0.0000      0.0000     10.0080    0.1977005E-08
      0.0000      0.0000     10.5967    0.1796633E-08
      0.0000      0.0000     11.1854    0.1008182E-08
      0.0000      0.0000     11.7741    0.9749565E-09
      0.0000      0.0000     12.3628    0.7686334E-09
      0.0000      0.0000     12.9515    0.7132849E-09
      0.0000      0.0000     13.5402    0.6271123E-09
      0.0000      0.0000     14.1289    0.5797794E-09
      0.0000      0.0000     14.7176    0.5327492E-09
      0.0000      0.0000     15.3063    0.4996734E-09
      0.0000      0.0000     15.8950    0.4717315E-09
      0.0000      0.0000     16.4837    0.4510236E-09
      0.0000      0.0000     17.0724    0.4352962E-09
      0.0000      0.0000     17.6611    0.4245554E-09
      0.0000      0.0000     18.2499    0.4182136E-09
      0.0000      0.0000     18.8386    0.4159419E-09
    -18.2499      0.0000      0.0000    0.7619239E-10
    -17.6611      0.0000      0.0000    0.7904668E-10
    -17.0724      0.0000      0.0000    0.8286697E-10
    -16.4837      0.0000      0.0000    0.8768413E-10
    -15.8950      0.0000      0.0000    0.9385045E-10
    -15.3063      0.0000      0.0000    0.1013123E-09
    -14.7176      0.0000      0.0000    0.1110038E-09
    -14.1289      0.0000      0.0000    0.1222230E-09
    -13.5402      0.0000      0.0000    0.1378364E-09
    -12.9515      0.0000      0.0000    0.1544148E-09
    -12.3628      0.0000      0.0000    0.1815547E-09
    -11.7741      0.0000      0.0000    0.2063250E-09
