      0.0000      0.0000    -18.2499    0.4203132E-09
      0.0000      0.0000    -17.6611    0.4266865E-09
      0.0000      0.0000    -17.0724    0.4374791E-09
      0.0000      0.0000    -16.4837    0.4532844E-09
      0.0000      0.0000    -15.8950    0.4740915E-09
      0.0000      0.0000    -15.3063    0.5021711E-09
      0.0000      0.0000    -14.7176    0.5354044E-09
      0.0000      0.0000    -14.1289    0.5826587E-09
      0.0000      0.0000    -13.5402    0.6302157E-09
      0.0000      0.0000    -12.9515    0.7167402E-09
      0.0000      0.0000    -12.3628    0.7723114E-09
      0.0000      0.0000    -11.7741    0.9790439E-09
      0.0000      0.0000    -11.1854    0.1011650E-08
      0.0000      0.0000    -10.5967    0.1798692E-08
      0.0000      0.0000    -10.0080    0.1969301E-08
      0.0000      0.0000     -9.4193    0.6854742E-08
      0.0000      0.0000     -8.8306    0.1222038E-07
      0.0000      0.0000     -8.2419    0.5446335E-07
      0.0000      0.0000     -7.6532    0.1423745E-06
      0.0000      0.0000     -7.0645    0.5794243E-06
      0.0000      0.0000     -6.4758    0.1776441E-05
      0.0000      0.0000     -5.8871    0.6750091E-05
      0.0000      0.0000     -5.2983    0.2225566E-04
      0.0000      0.0000     -4.7096    0.8264440E-04
      0.0000      0.0000     -4.1209    0.2863422E-03
      0.0000      0.0000     -3.5322    0.1081066E-02
      0.0000      0.0000     -2.9435    0.4005728E-02
      0.0000      0.0000     -2.3548    0.1630504E-01
      0.0000      0.0000     -1.7661    0.6845686E-01
      0.0000      0.0000     -1.1774    0.2839031E+00
      0.0000      0.0000     -0.5887    0.5371556E+00
      0.0000      0.0000      0.0000    0.2405051E+00
      0.0000      0.0000      0.5887    0.5371556E+00
      0.0000      0.0000      1.1774    0.2839031E+00
      0.0000      0.0000      1.7661    0.6845686E-01
      0.0000      0.0000      2.3548    0.1630504E-01
      0.0000      0.0000      2.9435    0.4005728E-02
      0.0000      0.0000      3.5322    0.1081066E-02
      0.0000      0.0000      4.1209    0.2863422E-03
      0.0000      0.0000      4.7096    0.8264440E-04
      0.0000      0.0000      5.2983    0.2225566E-04
      0.0000      0.0000      5.8871    0.6750091E-05
      0.0000      0.0000      6.4758    0.1776441E-05
      0.0000      0.0000      7.0645    0.5794243E-06
      0.0000      0.0000      7.6532    0.1423745E-06
      0.0000      0.0000      8.2419    0.5446335E-07
      0.0000      0.0000      8.8306    0.1222038E-07
      0.0000      0.0000      9.4193    0.6854742E-08
      0.0000      0.0000     10.0080    0.1969301E-08
      0.0000      0.0000     10.5967    0.1798692E-08
      0.0000      0.0000     11.1854    0.1011650E-08
      0.0000      0.0000     11.7741    0.9790439E-09
      0.0000      0.0000     12.3628    0.7723114E-09
      0.0000      0.0000     12.9515    0.7167402E-09
      0.0000      0.0000     13.5402    0.6302157E-09
      0.0000      0.0000     14.1289    0.5826587E-09
      0.0000      0.0000     14.7176    0.5354044E-09
      0.0000      0.0000     15.3063    0.5021711E-09
      0.0000      0.0000     15.8950    0.4740915E-09
      0.0000      0.0000     16.4837    0.4532844E-09
      0.0000      0.0000     17.0724    0.4374791E-09
      0.0000      0.0000     17.6611    0.4266865E-09
      0.0000      0.0000     18.2499    0.4203132E-09
      0.0000      0.0000     18.8386    0.4180302E-09
    -18.2499      0.0000      0.0000    0.7736108E-10
    -17.6611      0.0000      0.0000    0.8019128E-10
    -17.0724      0.0000      0.0000    0.8401014E-10
    -16.4837      0.0000      0.0000    0.8881581E-10
    -15.8950      0.0000      0.0000    0.9501106E-10
    -15.3063      0.0000      0.0000    0.1024464E-09
    -14.7176      0.0000      0.0000    0.1122433E-09
    -14.1289      0.0000      0.0000    0.1233285E-09
    -13.5402      0.0000      0.0000    0.1393117E-09
    -12.9515      0.0000      0.0000    0.1552835E-09
    -12.3628      0.0000      0.0000    0.1838772E-09
    -11.7741      0.0000      0.0000    0.2061708E-09
