      0.0000      0.0000    -18.2499    0.4211081E-09
      0.0000      0.0000    -17.6611    0.4274887E-09
      0.0000      0.0000    -17.0724    0.4383038E-09
      0.0000      0.0000    -16.4837    0.4541255E-09
      0.0000      0.0000    -15.8950    0.4749803E-09
      0.0000      0.0000    -15.3063    0.5030794E-09
      0.0000      0.0000    -14.7176    0.5364115E-09
      0.0000      0.0000    -14.1289    0.5836747E-09
      0.0000      0.0000    -13.5402    0.6314942E-09
      0.0000      0.0000    -12.9515    0.7180497E-09
      0.0000      0.0000    -12.3628    0.7747601E-09
      0.0000      0.0000    -11.7741    0.9825377E-09
      0.0000      0.0000    -11.1854    0.1022979E-08
      0.0000      0.0000    -10.5967    0.1824744E-08
      0.0000      0.0000    -10.0080    0.2062809E-08
      0.0000      0.0000     -9.4193    0.7113803E-08
      0.0000      0.0000     -8.8306    0.1310263E-07
      0.0000      0.0000     -8.2419    0.5703969E-07
      0.0000      0.0000     -7.6532    0.1507302E-06
      0.0000      0.0000     -7.0645    0.6039922E-06
      0.0000      0.0000     -6.4758    0.1852702E-05
      0.0000      0.0000     -5.8871    0.6969364E-05
      0.0000      0.0000     -5.2983    0.2289860E-04
      0.0000      0.0000     -4.7096    0.8437665E-04
      0.0000      0.0000     -4.1209    0.2908865E-03
      0.0000      0.0000     -3.5322    0.1091205E-02
      0.0000      0.0000     -2.9435    0.4023874E-02
      0.0000      0.0000     -2.3548    0.1630888E-01
      0.0000      0.0000     -1.7661    0.6829901E-01
      0.0000      0.0000     -1.1774    0.2827308E+00
      0.0000      0.0000     -0.5887    0.5329578E+00
      0.0000      0.0000      0.0000    0.2354428E+00
      0.0000      0.0000      0.5887    0.5329578E+00
      0.0000      0.0000      1.1774    0.2827308E+00
      0.0000      0.0000      1.7661    0.6829901E-01
      0.0000      0.0000      2.3548    0.1630888E-01
      0.0000      0.0000      2.9435    0.4023874E-02
      0.0000      0.0000      3.5322    0.1091205E-02
      0.0000      0.0000      4.1209    0.2908865E-03
      0.0000      0.0000      4.7096    0.8437665E-04
      0.0000      0.0000      5.2983    0.2289860E-04
      0.0000      0.0000      5.8871    0.6969364E-05
      0.0000      0.0000      6.4758    0.1852702E-05
      0.0000      0.0000      7.0645    0.6039922E-06
      0.0000      0.0000      7.6532    0.1507302E-06
      0.0000      0.0000      8.2419    0.5703969E-07
      0.0000      0.0000      8.8306    0.1310263E-07
      0.0000      0.0000      9.4193    0.7113803E-08
      0.0000      0.0000     10.0080    0.2062809E-08
      0.0000      0.0000     10.5967    0.1824744E-08
      0.0000      0.0000     11.1854    0.1022979E-08
      0.0000      0.0000     11.7741    0.9825377E-09
      0.0000      0.0000     12.3628    0.7747601E-09
      0.0000      0.0000     12.9515    0.7180497E-09
      0.0000      0.0000     13.5402    0.6314942E-09
      0.0000      0.0000     14.1289    0.5836747E-09
      0.0000      0.0000     14.7176    0.5364115E-09
      0.0000      0.0000     15.3063    0.5030794E-09
      0.0000      0.0000     15.8950    0.4749803E-09
      0.0000      0.0000     16.4837    0.4541255E-09
      0.0000      0.0000     17.0724    0.4383038E-09
      0.0000      0.0000     17.6611    0.4274887E-09
      0.0000      0.0000     18.2499    0.4211081E-09
      0.0000      0.0000     18.8386    0.4188195E-09
    -18.2499      0.0000      0.0000    0.6639454E-10
    -17.6611      0.0000      0.0000    0.6898235E-10
    -17.0724      0.0000      0.0000    0.7238414E-10
    -16.4837      0.0000      0.0000    0.7668296E-10
    -15.8950      0.0000      0.0000    0.8214926E-10
    -15.3063      0.0000      0.0000    0.8880196E-10
    -14.7176      0.0000      0.0000    0.9735302E-10
    -14.1289      0.0000      0.0000    0.1074059E-09
    -13.5402      0.0000      0.0000    0.1210724E-09
    -12.9515      0.0000      0.0000    0.1361446E-09
    -12.3628      0.0000      0.0000    0.1594627E-09
    -11.7741      0.0000      0.0000    0.1827350E-09
