      0.0000      0.0000    -18.2499    0.4181555E-09
      0.0000      0.0000    -17.6611    0.4244939E-09
      0.0000      0.0000    -17.0724    0.4352343E-09
      0.0000      0.0000    -16.4837    0.4509528E-09
      0.0000      0.0000    -15.8950    0.4716608E-09
      0.0000      0.0000    -15.3063    0.4995858E-09
      0.0000      0.0000    -14.7176    0.5326667E-09
      0.0000      0.0000    -14.1289    0.5796755E-09
      0.0000      0.0000    -13.5402    0.6270523E-09
      0.0000      0.0000    -12.9515    0.7132974E-09
      0.0000      0.0000    -12.3628    0.7690660E-09
      0.0000      0.0000    -11.7741    0.9766420E-09
      0.0000      0.0000    -11.1854    0.1014196E-08
      0.0000      0.0000    -10.5967    0.1816126E-08
      0.0000      0.0000    -10.0080    0.2040764E-08
      0.0000      0.0000     -9.4193    0.7087343E-08
      0.0000      0.0000     -8.8306    0.1299291E-07
      0.0000      0.0000     -8.2419    0.5684398E-07
      0.0000      0.0000     -7.6532    0.1499485E-06
      0.0000      0.0000     -7.0645    0.6022966E-06
      0.0000      0.0000     -6.4758    0.1846948E-05
      0.0000      0.0000     -5.8871    0.6956816E-05
      0.0000      0.0000     -5.2983    0.2286404E-04
      0.0000      0.0000     -4.7096    0.8432235E-04
      0.0000      0.0000     -4.1209    0.2908353E-03
      0.0000      0.0000     -3.5322    0.1091628E-02
      0.0000      0.0000     -2.9435    0.4026616E-02
      0.0000      0.0000     -2.3548    0.1632082E-01
      0.0000      0.0000     -1.7661    0.6833373E-01
      0.0000      0.0000     -1.1774    0.2828546E+00
      0.0000      0.0000     -0.5887    0.5338026E+00
      0.0000      0.0000      0.0000    0.2369689E+00
      0.0000      0.0000      0.5887    0.5338026E+00
      0.0000      0.0000      1.1774    0.2828546E+00
      0.0000      0.0000      1.7661    0.6833373E-01
      0.0000      0.0000      2.3548    0.1632082E-01
      0.0000      0.0000      2.9435    0.4026616E-02
      0.0000      0.0000      3.5322    0.1091628E-02
      0.0000      0.0000      4.1209    0.2908353E-03
      0.0000      0.0000      4.7096    0.8432235E-04
      0.0000      0.0000      5.2983    0.2286404E-04
      0.0000      0.0000      5.8871    0.6956816E-05
      0.0000      0.0000      6.4758    0.1846948E-05
      0.0000      0.0000      7.0645    0.6022966E-06
      0.0000      0.0000      7.6532    0.1499485E-06
      0.0000      0.0000      8.2419    0.5684398E-07
      0.0000      0.0000      8.8306    0.1299291E-07
      0.0000      0.0000      9.4193    0.7087343E-08
      0.0000      0.0000     10.0080    0.2040764E-08
      0.0000      0.0000     10.5967    0.1816126E-08
      0.0000      0.0000     11.1854    0.1014196E-08
      0.0000      0.0000     11.7741    0.9766420E-09
      0.0000      0.0000     12.3628    0.7690660E-09
      0.0000      0.0000     12.9515    0.7132974E-09
      0.0000      0.0000     13.5402    0.6270523E-09
      0.0000      0.0000     14.1289    0.5796755E-09
      0.0000      0.0000     14.7176    0.5326667E-09
      0.0000      0.0000     15.3063    0.4995858E-09
      0.0000      0.0000     15.8950    0.4716608E-09
      0.0000      0.0000     16.4837    0.4509528E-09
      0.0000      0.0000     17.0724    0.4352343E-09
      0.0000      0.0000     17.6611    0.4244939E-09
      0.0000      0.0000     18.2499    0.4181555E-09
      0.0000      0.0000     18.8386    0.4158834E-09
    -18.2499      0.0000      0.0000    0.7341934E-10
    -17.6611      0.0000      0.0000    0.7624387E-10
    -17.0724      0.0000      0.0000    0.7997473E-10
    -16.4837      0.0000      0.0000    0.8470163E-10
    -15.8950      0.0000      0.0000    0.9069201E-10
    -15.3063      0.0000      0.0000    0.9803348E-10
    -14.7176      0.0000      0.0000    0.1073668E-09
    -14.1289      0.0000      0.0000    0.1185447E-09
    -13.5402      0.0000      0.0000    0.1332868E-09
    -12.9515      0.0000      0.0000    0.1503968E-09
    -12.3628      0.0000      0.0000    0.1748073E-09
    -11.7741      0.0000      0.0000    0.2026466E-09
