      0.0000      0.0000    -18.2499    0.4176316E-09
      0.0000      0.0000    -17.6611    0.4239626E-09
      0.0000      0.0000    -17.0724    0.4346898E-09
      0.0000      0.0000    -16.4837    0.4503901E-09
      0.0000      0.0000    -15.8950    0.4710726E-09
      0.0000      0.0000    -15.3063    0.4989656E-09
      0.0000      0.0000    -14.7176    0.5320048E-09
      0.0000      0.0000    -14.1289    0.5789612E-09
      0.0000      0.0000    -13.5402    0.6262704E-09
      0.0000      0.0000    -12.9515    0.7124175E-09
      0.0000      0.0000    -12.3628    0.7680453E-09
      0.0000      0.0000    -11.7741    0.9753170E-09
      0.0000      0.0000    -11.1854    0.1012235E-08
      0.0000      0.0000    -10.5967    0.1812254E-08
      0.0000      0.0000    -10.0080    0.2031571E-08
      0.0000      0.0000     -9.4193    0.7061351E-08
      0.0000      0.0000     -8.8306    0.1291585E-07
      0.0000      0.0000     -8.2419    0.5660891E-07
      0.0000      0.0000     -7.6532    0.1492284E-06
      0.0000      0.0000     -7.0645    0.6001140E-06
      0.0000      0.0000     -6.4758    0.1840366E-05
      0.0000      0.0000     -5.8871    0.6937432E-05
      0.0000      0.0000     -5.2983    0.2280785E-04
      0.0000      0.0000     -4.7096    0.8416581E-04
      0.0000      0.0000     -4.1209    0.2904163E-03
      0.0000      0.0000     -3.5322    0.1090592E-02
      0.0000      0.0000     -2.9435    0.4024325E-02
      0.0000      0.0000     -2.3548    0.1631690E-01
      0.0000      0.0000     -1.7661    0.6833252E-01
      0.0000      0.0000     -1.1774    0.2828990E+00
      0.0000      0.0000     -0.5887    0.5339969E+00
      0.0000      0.0000      0.0000    0.2371622E+00
      0.0000      0.0000      0.5887    0.5339969E+00
      0.0000      0.0000      1.1774    0.2828990E+00
      0.0000      0.0000      1.7661    0.6833252E-01
      0.0000      0.0000      2.3548    0.1631690E-01
      0.0000      0.0000      2.9435    0.4024325E-02
      0.0000      0.0000      3.5322    0.1090592E-02
      0.0000      0.0000      4.1209    0.2904163E-03
      0.0000      0.0000      4.7096    0.8416581E-04
      0.0000      0.0000      5.2983    0.2280785E-04
      0.0000      0.0000      5.8871    0.6937432E-05
      0.0000      0.0000      6.4758    0.1840366E-05
      0.0000      0.0000      7.0645    0.6001140E-06
      0.0000      0.0000      7.6532    0.1492284E-06
      0.0000      0.0000      8.2419    0.5660891E-07
      0.0000      0.0000      8.8306    0.1291585E-07
      0.0000      0.0000      9.4193    0.7061351E-08
      0.0000      0.0000     10.0080    0.2031571E-08
      0.0000      0.0000     10.5967    0.1812254E-08
      0.0000      0.0000     11.1854    0.1012235E-08
      0.0000      0.0000     11.7741    0.9753170E-09
      0.0000      0.0000     12.3628    0.7680453E-09
      0.0000      0.0000     12.9515    0.7124175E-09
      0.0000      0.0000     13.5402    0.6262704E-09
      0.0000      0.0000     14.1289    0.5789612E-09
      0.0000      0.0000     14.7176    0.5320048E-09
      0.0000      0.0000     15.3063    0.4989656E-09
      0.0000      0.0000     15.8950    0.4710726E-09
      0.0000      0.0000     16.4837    0.4503901E-09
      0.0000      0.0000     17.0724    0.4346898E-09
      0.0000      0.0000     17.6611    0.4239626E-09
      0.0000      0.0000     18.2499    0.4176316E-09
      0.0000      0.0000     18.8386    0.4153624E-09
    -18.2499      0.0000      0.0000    0.7458381E-10
    -17.6611      0.0000      0.0000    0.7744081E-10
    -17.0724      0.0000      0.0000    0.8122044E-10
    -16.4837      0.0000      0.0000    0.8600987E-10
    -15.8950      0.0000      0.0000    0.9208110E-10
    -15.3063      0.0000      0.0000    0.9952256E-10
    -14.7176      0.0000      0.0000    0.1089830E-09
    -14.1289      0.0000      0.0000    0.1203149E-09
    -13.5402      0.0000      0.0000    0.1352560E-09
    -12.9515      0.0000      0.0000    0.1526050E-09
    -12.3628      0.0000      0.0000    0.1773359E-09
    -11.7741      0.0000      0.0000    0.2055788E-09
