      0.0000      0.0000    -18.2499    0.1244156E-08
      0.0000      0.0000    -17.6611    0.1278287E-08
      0.0000      0.0000    -17.0724    0.1317886E-08
      0.0000      0.0000    -16.4837    0.1441946E-08
      0.0000      0.0000    -15.8950    0.1531347E-08
      0.0000      0.0000    -15.3063    0.1894814E-08
      0.0000      0.0000    -14.7176    0.2127025E-08
      0.0000      0.0000    -14.1289    0.3167506E-08
      0.0000      0.0000    -13.5402    0.3876683E-08
      0.0000      0.0000    -12.9515    0.6818667E-08
      0.0000      0.0000    -12.3628    0.9064519E-08
      0.0000      0.0000    -11.7741    0.1723087E-07
      0.0000      0.0000    -11.1854    0.2417831E-07
      0.0000      0.0000    -10.5967    0.4665628E-07
      0.0000      0.0000    -10.0080    0.6800403E-07
      0.0000      0.0000     -9.4193    0.1318329E-06
      0.0000      0.0000     -8.8306    0.2019808E-06
      0.0000      0.0000     -8.2419    0.4050369E-06
      0.0000      0.0000     -7.6532    0.6826716E-06
      0.0000      0.0000     -7.0645    0.1504029E-05
      0.0000      0.0000     -6.4758    0.3003254E-05
      0.0000      0.0000     -5.8871    0.7798098E-05
      0.0000      0.0000     -5.2983    0.1962177E-04
      0.0000      0.0000     -4.7096    0.6201200E-04
      0.0000      0.0000     -4.1209    0.1961142E-03
      0.0000      0.0000     -3.5322    0.7385453E-03
      0.0000      0.0000     -2.9435    0.2824961E-02
      0.0000      0.0000     -2.3548    0.1261057E-01
      0.0000      0.0000     -1.7661    0.5997668E-01
      0.0000      0.0000     -1.1774    0.2998935E+00
      0.0000      0.0000     -0.5887    0.6554527E+00
      0.0000      0.0000      0.0000    0.2799035E+00
      0.0000      0.0000      0.5887    0.6554527E+00
      0.0000      0.0000      1.1774    0.2998935E+00
      0.0000      0.0000      1.7661    0.5997668E-01
      0.0000      0.0000      2.3548    0.1261057E-01
      0.0000      0.0000      2.9435    0.2824961E-02
      0.0000      0.0000      3.5322    0.7385453E-03
      0.0000      0.0000      4.1209    0.1961142E-03
      0.0000      0.0000      4.7096    0.6201200E-04
      0.0000      0.0000      5.2983    0.1962177E-04
      0.0000      0.0000      5.8871    0.7798098E-05
      0.0000      0.0000      6.4758    0.3003254E-05
      0.0000      0.0000      7.0645    0.1504029E-05
      0.0000      0.0000      7.6532    0.6826717E-06
      0.0000      0.0000      8.2419    0.4050369E-06
      0.0000      0.0000      8.8306    0.2019810E-06
      0.0000      0.0000      9.4193    0.1318331E-06
      0.0000      0.0000     10.0080    0.6800424E-07
      0.0000      0.0000     10.5967    0.4665657E-07
      0.0000      0.0000     11.1854    0.2417866E-07
      0.0000      0.0000     11.7741    0.1723134E-07
      0.0000      0.0000     12.3628    0.9065026E-08
      0.0000      0.0000     12.9515    0.6819333E-08
      0.0000      0.0000     13.5402    0.3877346E-08
      0.0000      0.0000     14.1289    0.3168346E-08
      0.0000      0.0000     14.7176    0.2127771E-08
      0.0000      0.0000     15.3063    0.1895722E-08
      0.0000      0.0000     15.8950    0.1532041E-08
      0.0000      0.0000     16.4837    0.1442740E-08
      0.0000      0.0000     17.0724    0.1318375E-08
      0.0000      0.0000     17.6611    0.1278758E-08
      0.0000      0.0000     18.2499    0.1244332E-08
      0.0000      0.0000     18.8386    0.1235594E-08
    -18.2499      0.0000      0.0000    0.8238243E-10
    -17.6611      0.0000      0.0000    0.8512572E-10
    -17.0724      0.0000      0.0000    0.8894356E-10
    -16.4837      0.0000      0.0000    0.9371604E-10
    -15.8950      0.0000      0.0000    0.1000384E-09
    -15.3063      0.0000      0.0000    0.1073943E-09
    -14.7176      0.0000      0.0000    0.1176220E-09
    -14.1289      0.0000      0.0000    0.1282340E-09
    -13.5402      0.0000      0.0000    0.1456620E-09
    -12.9515      0.0000      0.0000    0.1593926E-09
    -12.3628      0.0000      0.0000    0.1934894E-09
    -11.7741      0.0000      0.0000    0.2064731E-09
