      0.0000      0.0000    -18.2499    0.4573671E-09
      0.0000      0.0000    -17.6611    0.4644782E-09
      0.0000      0.0000    -17.0724    0.4758064E-09
      0.0000      0.0000    -16.4837    0.4940337E-09
      0.0000      0.0000    -15.8950    0.5150132E-09
      0.0000      0.0000    -15.3063    0.5489340E-09
      0.0000      0.0000    -14.7176    0.5805089E-09
      0.0000      0.0000    -14.1289    0.6411326E-09
      0.0000      0.0000    -13.5402    0.6824526E-09
      0.0000      0.0000    -12.9515    0.8001381E-09
      0.0000      0.0000    -12.3628    0.8419621E-09
      0.0000      0.0000    -11.7741    0.1125712E-08
      0.0000      0.0000    -11.1854    0.1145724E-08
      0.0000      0.0000    -10.5967    0.2137444E-08
      0.0000      0.0000    -10.0080    0.2363527E-08
      0.0000      0.0000     -9.4193    0.7752958E-08
      0.0000      0.0000     -8.8306    0.1323655E-07
      0.0000      0.0000     -8.2419    0.5521593E-07
      0.0000      0.0000     -7.6532    0.1376781E-06
      0.0000      0.0000     -7.0645    0.5473998E-06
      0.0000      0.0000     -6.4758    0.1636764E-05
      0.0000      0.0000     -5.8871    0.6192679E-05
      0.0000      0.0000     -5.2983    0.2025643E-04
      0.0000      0.0000     -4.7096    0.7565752E-04
      0.0000      0.0000     -4.1209    0.2632615E-03
      0.0000      0.0000     -3.5322    0.1007602E-02
      0.0000      0.0000     -2.9435    0.3785972E-02
      0.0000      0.0000     -2.3548    0.1573029E-01
      0.0000      0.0000     -1.7661    0.6748964E-01
      0.0000      0.0000     -1.1774    0.2868381E+00
      0.0000      0.0000     -0.5887    0.5511190E+00
      0.0000      0.0000      0.0000    0.2441812E+00
      0.0000      0.0000      0.5887    0.5511190E+00
      0.0000      0.0000      1.1774    0.2868381E+00
      0.0000      0.0000      1.7661    0.6748964E-01
      0.0000      0.0000      2.3548    0.1573029E-01
      0.0000      0.0000      2.9435    0.3785972E-02
      0.0000      0.0000      3.5322    0.1007602E-02
      0.0000      0.0000      4.1209    0.2632615E-03
      0.0000      0.0000      4.7096    0.7565752E-04
      0.0000      0.0000      5.2983    0.2025643E-04
      0.0000      0.0000      5.8871    0.6192679E-05
      0.0000      0.0000      6.4758    0.1636764E-05
      0.0000      0.0000      7.0645    0.5473998E-06
      0.0000      0.0000      7.6532    0.1376781E-06
      0.0000      0.0000      8.2419    0.5521594E-07
      0.0000      0.0000      8.8306    0.1323656E-07
      0.0000      0.0000      9.4193    0.7752963E-08
      0.0000      0.0000     10.0080    0.2363530E-08
      0.0000      0.0000     10.5967    0.2137447E-08
      0.0000      0.0000     11.1854    0.1145726E-08
      0.0000      0.0000     11.7741    0.1125714E-08
      0.0000      0.0000     12.3628    0.8419624E-09
      0.0000      0.0000     12.9515    0.8001404E-09
      0.0000      0.0000     13.5402    0.6824523E-09
      0.0000      0.0000     14.1289    0.6411347E-09
      0.0000      0.0000     14.7176    0.5805083E-09
      0.0000      0.0000     15.3063    0.5489358E-09
      0.0000      0.0000     15.8950    0.5150125E-09
      0.0000      0.0000     16.4837    0.4940350E-09
      0.0000      0.0000     17.0724    0.4758059E-09
      0.0000      0.0000     17.6611    0.4644789E-09
      0.0000      0.0000     18.2499    0.4573669E-09
      0.0000      0.0000     18.8386    0.4549014E-09
    -18.2499      0.0000      0.0000    0.8066280E-10
    -17.6611      0.0000      0.0000    0.8343295E-10
    -17.0724      0.0000      0.0000    0.8724923E-10
    -16.4837      0.0000      0.0000    0.9202971E-10
    -15.8950      0.0000      0.0000    0.9830663E-10
    -15.3063      0.0000      0.0000    0.1056835E-09
    -14.7176      0.0000      0.0000    0.1157640E-09
    -14.1289      0.0000      0.0000    0.1265227E-09
    -13.5402      0.0000      0.0000    0.1434697E-09
    -12.9515      0.0000      0.0000    0.1579191E-09
    -12.3628      0.0000      0.0000    0.1902147E-09
    -11.7741      0.0000      0.0000    0.2062222E-09
