      0.0000      0.0000    -18.2499    0.4179084E-09
      0.0000      0.0000    -17.6611    0.4242431E-09
      0.0000      0.0000    -17.0724    0.4349773E-09
      0.0000      0.0000    -16.4837    0.4506867E-09
      0.0000      0.0000    -15.8950    0.4713829E-09
      0.0000      0.0000    -15.3063    0.4992918E-09
      0.0000      0.0000    -14.7176    0.5323539E-09
      0.0000      0.0000    -14.1289    0.5793373E-09
      0.0000      0.0000    -13.5402    0.6266875E-09
      0.0000      0.0000    -12.9515    0.7128982E-09
      0.0000      0.0000    -12.3628    0.7686473E-09
      0.0000      0.0000    -11.7741    0.9762301E-09
      0.0000      0.0000    -11.1854    0.1013952E-08
      0.0000      0.0000    -10.5967    0.1816512E-08
      0.0000      0.0000    -10.0080    0.2043289E-08
      0.0000      0.0000     -9.4193    0.7096869E-08
      0.0000      0.0000     -8.8306    0.1302339E-07
      0.0000      0.0000     -8.2419    0.5694130E-07
      0.0000      0.0000     -7.6532    0.1502393E-06
      0.0000      0.0000     -7.0645    0.6031894E-06
      0.0000      0.0000     -6.4758    0.1849550E-05
      0.0000      0.0000     -5.8871    0.6964558E-05
      0.0000      0.0000     -5.2983    0.2288602E-04
      0.0000      0.0000     -4.7096    0.8438501E-04
      0.0000      0.0000     -4.1209    0.2910048E-03
      0.0000      0.0000     -3.5322    0.1092072E-02
      0.0000      0.0000     -2.9435    0.4027667E-02
      0.0000      0.0000     -2.3548    0.1632284E-01
      0.0000      0.0000     -1.7661    0.6833507E-01
      0.0000      0.0000     -1.1774    0.2828413E+00
      0.0000      0.0000     -0.5887    0.5337860E+00
      0.0000      0.0000      0.0000    0.2370107E+00
      0.0000      0.0000      0.5887    0.5337860E+00
      0.0000      0.0000      1.1774    0.2828413E+00
      0.0000      0.0000      1.7661    0.6833507E-01
      0.0000      0.0000      2.3548    0.1632284E-01
      0.0000      0.0000      2.9435    0.4027667E-02
      0.0000      0.0000      3.5322    0.1092072E-02
      0.0000      0.0000      4.1209    0.2910048E-03
      0.0000      0.0000      4.7096    0.8438501E-04
      0.0000      0.0000      5.2983    0.2288602E-04
      0.0000      0.0000      5.8871    0.6964558E-05
      0.0000      0.0000      6.4758    0.1849550E-05
      0.0000      0.0000      7.0645    0.6031894E-06
      0.0000      0.0000      7.6532    0.1502393E-06
      0.0000      0.0000      8.2419    0.5694130E-07
      0.0000      0.0000      8.8306    0.1302339E-07
      0.0000      0.0000      9.4193    0.7096869E-08
      0.0000      0.0000     10.0080    0.2043289E-08
      0.0000      0.0000     10.5967    0.1816512E-08
      0.0000      0.0000     11.1854    0.1013952E-08
      0.0000      0.0000     11.7741    0.9762301E-09
      0.0000      0.0000     12.3628    0.7686473E-09
      0.0000      0.0000     12.9515    0.7128982E-09
      0.0000      0.0000     13.5402    0.6266875E-09
      0.0000      0.0000     14.1289    0.5793373E-09
      0.0000      0.0000     14.7176    0.5323539E-09
      0.0000      0.0000     15.3063    0.4992918E-09
      0.0000      0.0000     15.8950    0.4713829E-09
      0.0000      0.0000     16.4837    0.4506867E-09
      0.0000      0.0000     17.0724    0.4349773E-09
      0.0000      0.0000     17.6611    0.4242431E-09
      0.0000      0.0000     18.2499    0.4179084E-09
      0.0000      0.0000     18.8386    0.4156376E-09
    -18.2499      0.0000      0.0000    0.7252029E-10
    -17.6611      0.0000      0.0000    0.7532045E-10
    -17.0724      0.0000      0.0000    0.7901534E-10
    -16.4837      0.0000      0.0000    0.8369513E-10
    -15.8950      0.0000      0.0000    0.8962595E-10
    -15.3063      0.0000      0.0000    0.9689099E-10
    -14.7176      0.0000      0.0000    0.1061327E-09
    -14.1289      0.0000      0.0000    0.1171887E-09
    -13.5402      0.0000      0.0000    0.1317973E-09
    -12.9515      0.0000      0.0000    0.1487000E-09
    -12.3628      0.0000      0.0000    0.1729370E-09
    -11.7741      0.0000      0.0000    0.2003505E-09
