      0.0000      0.0000    -18.2499    0.4083155E-09
      0.0000      0.0000    -17.6611    0.4145322E-09
      0.0000      0.0000    -17.0724    0.4249465E-09
      0.0000      0.0000    -16.4837    0.4404625E-09
      0.0000      0.0000    -15.8950    0.4603933E-09
      0.0000      0.0000    -15.3063    0.4882064E-09
      0.0000      0.0000    -14.7176    0.5196943E-09
      0.0000      0.0000    -14.1289    0.5671025E-09
      0.0000      0.0000    -13.5402    0.6113806E-09
      0.0000      0.0000    -12.9515    0.6996248E-09
      0.0000      0.0000    -12.3628    0.7496536E-09
      0.0000      0.0000    -11.7741    0.9636044E-09
      0.0000      0.0000    -11.1854    0.9906775E-09
      0.0000      0.0000    -10.5967    0.1808053E-08
      0.0000      0.0000    -10.0080    0.2002428E-08
      0.0000      0.0000     -9.4193    0.7049184E-08
      0.0000      0.0000     -8.8306    0.1273191E-07
      0.0000      0.0000     -8.2419    0.5617481E-07
      0.0000      0.0000     -7.6532    0.1474182E-06
      0.0000      0.0000     -7.0645    0.5964058E-06
      0.0000      0.0000     -6.4758    0.1831774E-05
      0.0000      0.0000     -5.8871    0.6942286E-05
      0.0000      0.0000     -5.2983    0.2290522E-04
      0.0000      0.0000     -4.7096    0.8487308E-04
      0.0000      0.0000     -4.1209    0.2937453E-03
      0.0000      0.0000     -3.5322    0.1105147E-02
      0.0000      0.0000     -2.9435    0.4080167E-02
      0.0000      0.0000     -2.3548    0.1651026E-01
      0.0000      0.0000     -1.7661    0.6884981E-01
      0.0000      0.0000     -1.1774    0.2831769E+00
      0.0000      0.0000     -0.5887    0.5331757E+00
      0.0000      0.0000      0.0000    0.2404017E+00
      0.0000      0.0000      0.5887    0.5331757E+00
      0.0000      0.0000      1.1774    0.2831769E+00
      0.0000      0.0000      1.7661    0.6884981E-01
      0.0000      0.0000      2.3548    0.1651026E-01
      0.0000      0.0000      2.9435    0.4080167E-02
      0.0000      0.0000      3.5322    0.1105147E-02
      0.0000      0.0000      4.1209    0.2937453E-03
      0.0000      0.0000      4.7096    0.8487308E-04
      0.0000      0.0000      5.2983    0.2290522E-04
      0.0000      0.0000      5.8871    0.6942286E-05
      0.0000      0.0000      6.4758    0.1831774E-05
      0.0000      0.0000      7.0645    0.5964058E-06
      0.0000      0.0000      7.6532    0.1474182E-06
      0.0000      0.0000      8.2419    0.5617482E-07
      0.0000      0.0000      8.8306    0.1273191E-07
      0.0000      0.0000      9.4193    0.7049185E-08
      0.0000      0.0000     10.0080    0.2002428E-08
      0.0000      0.0000     10.5967    0.1808054E-08
      0.0000      0.0000     11.1854    0.9906776E-09
      0.0000      0.0000     11.7741    0.9636047E-09
      0.0000      0.0000     12.3628    0.7496535E-09
      0.0000      0.0000     12.9515    0.6996250E-09
      0.0000      0.0000     13.5402    0.6113805E-09
      0.0000      0.0000     14.1289    0.5671027E-09
      0.0000      0.0000     14.7176    0.5196941E-09
      0.0000      0.0000     15.3063    0.4882066E-09
      0.0000      0.0000     15.8950    0.4603932E-09
      0.0000      0.0000     16.4837    0.4404626E-09
      0.0000      0.0000     17.0724    0.4249464E-09
      0.0000      0.0000     17.6611    0.4145322E-09
      0.0000      0.0000     18.2499    0.4083154E-09
      0.0000      0.0000     18.8386    0.4061010E-09
    -18.2499      0.0000      0.0000    0.7989353E-10
    -17.6611      0.0000      0.0000    0.8268579E-10
    -17.0724      0.0000      0.0000    0.8650952E-10
    -16.4837      0.0000      0.0000    0.9130636E-10
    -15.8950      0.0000      0.0000    0.9756957E-10
    -15.3063      0.0000      0.0000    0.1049789E-09
    -14.7176      0.0000      0.0000    0.1149889E-09
    -14.1289      0.0000      0.0000    0.1258727E-09
    -13.5402      0.0000      0.0000    0.1425422E-09
    -12.9515      0.0000      0.0000    0.1575175E-09
    -12.3628      0.0000      0.0000    0.1886787E-09
    -11.7741      0.0000      0.0000    0.2068698E-09
