      0.0000      0.0000    -18.2499    0.4199738E-09
      0.0000      0.0000    -17.6611    0.4263380E-09
      0.0000      0.0000    -17.0724    0.4371243E-09
      0.0000      0.0000    -16.4837    0.4529058E-09
      0.0000      0.0000    -15.8950    0.4737041E-09
      0.0000      0.0000    -15.3063    0.5017352E-09
      0.0000      0.0000    -14.7176    0.5349711E-09
      0.0000      0.0000    -14.1289    0.5821351E-09
      0.0000      0.0000    -13.5402    0.6297880E-09
      0.0000      0.0000    -12.9515    0.7162290E-09
      0.0000      0.0000    -12.3628    0.7726126E-09
      0.0000      0.0000    -11.7741    0.9804003E-09
      0.0000      0.0000    -11.1854    0.1020077E-08
      0.0000      0.0000    -10.5967    0.1822871E-08
      0.0000      0.0000    -10.0080    0.2059113E-08
      0.0000      0.0000     -9.4193    0.7118155E-08
      0.0000      0.0000     -8.8306    0.1310677E-07
      0.0000      0.0000     -8.2419    0.5710483E-07
      0.0000      0.0000     -7.6532    0.1508649E-06
      0.0000      0.0000     -7.0645    0.6046426E-06
      0.0000      0.0000     -6.4758    0.1854407E-05
      0.0000      0.0000     -5.8871    0.6975941E-05
      0.0000      0.0000     -5.2983    0.2291815E-04
      0.0000      0.0000     -4.7096    0.8444623E-04
      0.0000      0.0000     -4.1209    0.2911071E-03
      0.0000      0.0000     -3.5322    0.1091954E-02
      0.0000      0.0000     -2.9435    0.4026219E-02
      0.0000      0.0000     -2.3548    0.1631567E-01
      0.0000      0.0000     -1.7661    0.6831392E-01
      0.0000      0.0000     -1.1774    0.2827570E+00
      0.0000      0.0000     -0.5887    0.5331766E+00
      0.0000      0.0000      0.0000    0.2359461E+00
      0.0000      0.0000      0.5887    0.5331766E+00
      0.0000      0.0000      1.1774    0.2827570E+00
      0.0000      0.0000      1.7661    0.6831392E-01
      0.0000      0.0000      2.3548    0.1631567E-01
      0.0000      0.0000      2.9435    0.4026219E-02
      0.0000      0.0000      3.5322    0.1091954E-02
      0.0000      0.0000      4.1209    0.2911071E-03
      0.0000      0.0000      4.7096    0.8444623E-04
      0.0000      0.0000      5.2983    0.2291815E-04
      0.0000      0.0000      5.8871    0.6975941E-05
      0.0000      0.0000      6.4758    0.1854407E-05
      0.0000      0.0000      7.0645    0.6046426E-06
      0.0000      0.0000      7.6532    0.1508649E-06
      0.0000      0.0000      8.2419    0.5710483E-07
      0.0000      0.0000      8.8306    0.1310677E-07
      0.0000      0.0000      9.4193    0.7118155E-08
      0.0000      0.0000     10.0080    0.2059113E-08
      0.0000      0.0000     10.5967    0.1822871E-08
      0.0000      0.0000     11.1854    0.1020077E-08
      0.0000      0.0000     11.7741    0.9804003E-09
      0.0000      0.0000     12.3628    0.7726126E-09
      0.0000      0.0000     12.9515    0.7162290E-09
      0.0000      0.0000     13.5402    0.6297880E-09
      0.0000      0.0000     14.1289    0.5821351E-09
      0.0000      0.0000     14.7176    0.5349711E-09
      0.0000      0.0000     15.3063    0.5017352E-09
      0.0000      0.0000     15.8950    0.4737041E-09
      0.0000      0.0000     16.4837    0.4529058E-09
      0.0000      0.0000     17.0724    0.4371243E-09
      0.0000      0.0000     17.6611    0.4263380E-09
      0.0000      0.0000     18.2499    0.4199738E-09
      0.0000      0.0000     18.8386    0.4176915E-09
    -18.2499      0.0000      0.0000    0.6800232E-10
    -17.6611      0.0000      0.0000    0.7065335E-10
    -17.0724      0.0000      0.0000    0.7413940E-10
    -16.4837      0.0000      0.0000    0.7854768E-10
    -15.8950      0.0000      0.0000    0.8414419E-10
    -15.3063      0.0000      0.0000    0.9097245E-10
    -14.7176      0.0000      0.0000    0.9971202E-10
    -14.1289      0.0000      0.0000    0.1100588E-09
    -13.5402      0.0000      0.0000    0.1239651E-09
    -12.9515      0.0000      0.0000    0.1396031E-09
    -12.3628      0.0000      0.0000    0.1630699E-09
    -11.7741      0.0000      0.0000    0.1877260E-09
