      0.0000      0.0000    -18.2499    0.4170099E-09
      0.0000      0.0000    -17.6611    0.4233323E-09
      0.0000      0.0000    -17.0724    0.4340438E-09
      0.0000      0.0000    -16.4837    0.4497229E-09
      0.0000      0.0000    -15.8950    0.4703750E-09
      0.0000      0.0000    -15.3063    0.4982310E-09
      0.0000      0.0000    -14.7176    0.5312204E-09
      0.0000      0.0000    -14.1289    0.5781140E-09
      0.0000      0.0000    -13.5402    0.6253418E-09
      0.0000      0.0000    -12.9515    0.7113547E-09
      0.0000      0.0000    -12.3628    0.7667880E-09
      0.0000      0.0000    -11.7741    0.9735223E-09
      0.0000      0.0000    -11.1854    0.1009308E-08
      0.0000      0.0000    -10.5967    0.1805429E-08
      0.0000      0.0000    -10.0080    0.2014112E-08
      0.0000      0.0000     -9.4193    0.7008536E-08
      0.0000      0.0000     -8.8306    0.1275735E-07
      0.0000      0.0000     -8.2419    0.5611590E-07
      0.0000      0.0000     -7.6532    0.1477156E-06
      0.0000      0.0000     -7.0645    0.5954899E-06
      0.0000      0.0000     -6.4758    0.1826380E-05
      0.0000      0.0000     -5.8871    0.6896005E-05
      0.0000      0.0000     -5.2983    0.2268715E-04
      0.0000      0.0000     -4.7096    0.8382796E-04
      0.0000      0.0000     -4.1209    0.2895073E-03
      0.0000      0.0000     -3.5322    0.1088352E-02
      0.0000      0.0000     -2.9435    0.4019469E-02
      0.0000      0.0000     -2.3548    0.1630973E-01
      0.0000      0.0000     -1.7661    0.6833812E-01
      0.0000      0.0000     -1.1774    0.2830227E+00
      0.0000      0.0000     -0.5887    0.5344207E+00
      0.0000      0.0000      0.0000    0.2375349E+00
      0.0000      0.0000      0.5887    0.5344207E+00
      0.0000      0.0000      1.1774    0.2830227E+00
      0.0000      0.0000      1.7661    0.6833812E-01
      0.0000      0.0000      2.3548    0.1630973E-01
      0.0000      0.0000      2.9435    0.4019469E-02
      0.0000      0.0000      3.5322    0.1088352E-02
      0.0000      0.0000      4.1209    0.2895073E-03
      0.0000      0.0000      4.7096    0.8382796E-04
      0.0000      0.0000      5.2983    0.2268715E-04
      0.0000      0.0000      5.8871    0.6896005E-05
      0.0000      0.0000      6.4758    0.1826380E-05
      0.0000      0.0000      7.0645    0.5954899E-06
      0.0000      0.0000      7.6532    0.1477156E-06
      0.0000      0.0000      8.2419    0.5611590E-07
      0.0000      0.0000      8.8306    0.1275735E-07
      0.0000      0.0000      9.4193    0.7008536E-08
      0.0000      0.0000     10.0080    0.2014112E-08
      0.0000      0.0000     10.5967    0.1805429E-08
      0.0000      0.0000     11.1854    0.1009308E-08
      0.0000      0.0000     11.7741    0.9735223E-09
      0.0000      0.0000     12.3628    0.7667880E-09
      0.0000      0.0000     12.9515    0.7113547E-09
      0.0000      0.0000     13.5402    0.6253418E-09
      0.0000      0.0000     14.1289    0.5781140E-09
      0.0000      0.0000     14.7176    0.5312204E-09
      0.0000      0.0000     15.3063    0.4982310E-09
      0.0000      0.0000     15.8950    0.4703750E-09
      0.0000      0.0000     16.4837    0.4497229E-09
      0.0000      0.0000     17.0724    0.4340438E-09
      0.0000      0.0000     17.6611    0.4233323E-09
      0.0000      0.0000     18.2499    0.4170099E-09
      0.0000      0.0000     18.8386    0.4147442E-09
    -18.2499      0.0000      0.0000    0.7600084E-10
    -17.6611      0.0000      0.0000    0.7889380E-10
    -17.0724      0.0000      0.0000    0.8273140E-10
    -16.4837      0.0000      0.0000    0.8759253E-10
    -15.8950      0.0000      0.0000    0.9376204E-10
    -15.3063      0.0000      0.0000    0.1013154E-09
    -14.7176      0.0000      0.0000    0.1109381E-09
    -14.1289      0.0000      0.0000    0.1224279E-09
    -13.5402      0.0000      0.0000    0.1376532E-09
    -12.9515      0.0000      0.0000    0.1551894E-09
    -12.3628      0.0000      0.0000    0.1805098E-09
    -11.7741      0.0000      0.0000    0.2088621E-09
