      0.0000      0.0000    -18.2499    0.4210330E-09
      0.0000      0.0000    -17.6611    0.4274125E-09
      0.0000      0.0000    -17.0724    0.4382256E-09
      0.0000      0.0000    -16.4837    0.4540447E-09
      0.0000      0.0000    -15.8950    0.4748957E-09
      0.0000      0.0000    -15.3063    0.5029904E-09
      0.0000      0.0000    -14.7176    0.5363159E-09
      0.0000      0.0000    -14.1289    0.5835729E-09
      0.0000      0.0000    -13.5402    0.6313808E-09
      0.0000      0.0000    -12.9515    0.7179303E-09
      0.0000      0.0000    -12.3628    0.7746166E-09
      0.0000      0.0000    -11.7741    0.9824036E-09
      0.0000      0.0000    -11.1854    0.1022789E-08
      0.0000      0.0000    -10.5967    0.1824673E-08
      0.0000      0.0000    -10.0080    0.2062639E-08
      0.0000      0.0000     -9.4193    0.7114532E-08
      0.0000      0.0000     -8.8306    0.1310390E-07
      0.0000      0.0000     -8.2419    0.5704803E-07
      0.0000      0.0000     -7.6532    0.1507502E-06
      0.0000      0.0000     -7.0645    0.6040733E-06
      0.0000      0.0000     -6.4758    0.1852926E-05
      0.0000      0.0000     -5.8871    0.6970157E-05
      0.0000      0.0000     -5.2983    0.2290095E-04
      0.0000      0.0000     -4.7096    0.8438446E-04
      0.0000      0.0000     -4.1209    0.2909103E-03
      0.0000      0.0000     -3.5322    0.1091281E-02
      0.0000      0.0000     -2.9435    0.4024100E-02
      0.0000      0.0000     -2.3548    0.1630951E-01
      0.0000      0.0000     -1.7661    0.6830038E-01
      0.0000      0.0000     -1.1774    0.2827330E+00
      0.0000      0.0000     -0.5887    0.5329735E+00
      0.0000      0.0000      0.0000    0.2354808E+00
      0.0000      0.0000      0.5887    0.5329735E+00
      0.0000      0.0000      1.1774    0.2827330E+00
      0.0000      0.0000      1.7661    0.6830038E-01
      0.0000      0.0000      2.3548    0.1630951E-01
      0.0000      0.0000      2.9435    0.4024100E-02
      0.0000      0.0000      3.5322    0.1091281E-02
      0.0000      0.0000      4.1209    0.2909103E-03
      0.0000      0.0000      4.7096    0.8438446E-04
      0.0000      0.0000      5.2983    0.2290095E-04
      0.0000      0.0000      5.8871    0.6970157E-05
      0.0000      0.0000      6.4758    0.1852926E-05
      0.0000      0.0000      7.0645    0.6040733E-06
      0.0000      0.0000      7.6532    0.1507502E-06
      0.0000      0.0000      8.2419    0.5704803E-07
      0.0000      0.0000      8.8306    0.1310390E-07
      0.0000      0.0000      9.4193    0.7114532E-08
      0.0000      0.0000     10.0080    0.2062639E-08
      0.0000      0.0000     10.5967    0.1824673E-08
      0.0000      0.0000     11.1854    0.1022789E-08
      0.0000      0.0000     11.7741    0.9824036E-09
      0.0000      0.0000     12.3628    0.7746166E-09
      0.0000      0.0000     12.9515    0.7179303E-09
      0.0000      0.0000     13.5402    0.6313808E-09
      0.0000      0.0000     14.1289    0.5835729E-09
      0.0000      0.0000     14.7176    0.5363159E-09
      0.0000      0.0000     15.3063    0.5029904E-09
      0.0000      0.0000     15.8950    0.4748957E-09
      0.0000      0.0000     16.4837    0.4540447E-09
      0.0000      0.0000     17.0724    0.4382256E-09
      0.0000      0.0000     17.6611    0.4274125E-09
      0.0000      0.0000     18.2499    0.4210330E-09
      0.0000      0.0000     18.8386    0.4187448E-09
    -18.2499      0.0000      0.0000    0.6651713E-10
    -17.6611      0.0000      0.0000    0.6911004E-10
    -17.0724      0.0000      0.0000    0.7251854E-10
    -16.4837      0.0000      0.0000    0.7682607E-10
    -15.8950      0.0000      0.0000    0.8230261E-10
    -15.3063      0.0000      0.0000    0.8896929E-10
    -14.7176      0.0000      0.0000    0.9753494E-10
    -14.1289      0.0000      0.0000    0.1076115E-09
    -13.5402      0.0000      0.0000    0.1212957E-09
    -12.9515      0.0000      0.0000    0.1364149E-09
    -12.3628      0.0000      0.0000    0.1597395E-09
    -11.7741      0.0000      0.0000    0.1831314E-09
