      0.0000      0.0000    -18.2499    0.4181623E-09
      0.0000      0.0000    -17.6611    0.4245006E-09
      0.0000      0.0000    -17.0724    0.4352412E-09
      0.0000      0.0000    -16.4837    0.4509594E-09
      0.0000      0.0000    -15.8950    0.4716681E-09
      0.0000      0.0000    -15.3063    0.4995922E-09
      0.0000      0.0000    -14.7176    0.5326750E-09
      0.0000      0.0000    -14.1289    0.5796823E-09
      0.0000      0.0000    -13.5402    0.6270671E-09
      0.0000      0.0000    -12.9515    0.7133155E-09
      0.0000      0.0000    -12.3628    0.7691362E-09
      0.0000      0.0000    -11.7741    0.9768013E-09
      0.0000      0.0000    -11.1854    0.1014786E-08
      0.0000      0.0000    -10.5967    0.1817779E-08
      0.0000      0.0000    -10.0080    0.2046316E-08
      0.0000      0.0000     -9.4193    0.7103862E-08
      0.0000      0.0000     -8.8306    0.1304542E-07
      0.0000      0.0000     -8.2419    0.5700232E-07
      0.0000      0.0000     -7.6532    0.1504346E-06
      0.0000      0.0000     -7.0645    0.6037501E-06
      0.0000      0.0000     -6.4758    0.1851273E-05
      0.0000      0.0000     -5.8871    0.6969419E-05
      0.0000      0.0000     -5.2983    0.2290003E-04
      0.0000      0.0000     -4.7096    0.8442198E-04
      0.0000      0.0000     -4.1209    0.2910992E-03
      0.0000      0.0000     -3.5322    0.1092279E-02
      0.0000      0.0000     -2.9435    0.4028042E-02
      0.0000      0.0000     -2.3548    0.1632315E-01
      0.0000      0.0000     -1.7661    0.6833380E-01
      0.0000      0.0000     -1.1774    0.2828254E+00
      0.0000      0.0000     -0.5887    0.5336993E+00
      0.0000      0.0000      0.0000    0.2368940E+00
      0.0000      0.0000      0.5887    0.5336993E+00
      0.0000      0.0000      1.1774    0.2828254E+00
      0.0000      0.0000      1.7661    0.6833380E-01
      0.0000      0.0000      2.3548    0.1632315E-01
      0.0000      0.0000      2.9435    0.4028042E-02
      0.0000      0.0000      3.5322    0.1092279E-02
      0.0000      0.0000      4.1209    0.2910992E-03
      0.0000      0.0000      4.7096    0.8442198E-04
      0.0000      0.0000      5.2983    0.2290003E-04
      0.0000      0.0000      5.8871    0.6969419E-05
      0.0000      0.0000      6.4758    0.1851273E-05
      0.0000      0.0000      7.0645    0.6037501E-06
      0.0000      0.0000      7.6532    0.1504346E-06
      0.0000      0.0000      8.2419    0.5700232E-07
      0.0000      0.0000      8.8306    0.1304542E-07
      0.0000      0.0000      9.4193    0.7103862E-08
      0.0000      0.0000     10.0080    0.2046316E-08
      0.0000      0.0000     10.5967    0.1817779E-08
      0.0000      0.0000     11.1854    0.1014786E-08
      0.0000      0.0000     11.7741    0.9768013E-09
      0.0000      0.0000     12.3628    0.7691362E-09
      0.0000      0.0000     12.9515    0.7133155E-09
      0.0000      0.0000     13.5402    0.6270671E-09
      0.0000      0.0000     14.1289    0.5796823E-09
      0.0000      0.0000     14.7176    0.5326750E-09
      0.0000      0.0000     15.3063    0.4995922E-09
      0.0000      0.0000     15.8950    0.4716681E-09
      0.0000      0.0000     16.4837    0.4509594E-09
      0.0000      0.0000     17.0724    0.4352412E-09
      0.0000      0.0000     17.6611    0.4245006E-09
      0.0000      0.0000     18.2499    0.4181623E-09
      0.0000      0.0000     18.8386    0.4158901E-09
    -18.2499      0.0000      0.0000    0.7198057E-10
    -17.6611      0.0000      0.0000    0.7476441E-10
    -17.0724      0.0000      0.0000    0.7843566E-10
    -16.4837      0.0000      0.0000    0.8308486E-10
    -15.8950      0.0000      0.0000    0.8897715E-10
    -15.3063      0.0000      0.0000    0.9619303E-10
    -14.7176      0.0000      0.0000    0.1053756E-09
    -14.1289      0.0000      0.0000    0.1163536E-09
    -13.5402      0.0000      0.0000    0.1308746E-09
    -12.9515      0.0000      0.0000    0.1476464E-09
    -12.3628      0.0000      0.0000    0.1717643E-09
    -11.7741      0.0000      0.0000    0.1989212E-09
