      0.0000      0.0000    -18.2499    0.4195150E-09
      0.0000      0.0000    -17.6611    0.4258726E-09
      0.0000      0.0000    -17.0724    0.4366473E-09
      0.0000      0.0000    -16.4837    0.4524126E-09
      0.0000      0.0000    -15.8950    0.4731881E-09
      0.0000      0.0000    -15.3063    0.5011921E-09
      0.0000      0.0000    -14.7176    0.5343887E-09
      0.0000      0.0000    -14.1289    0.5815138E-09
      0.0000      0.0000    -13.5402    0.6290975E-09
      0.0000      0.0000    -12.9515    0.7154956E-09
      0.0000      0.0000    -12.3628    0.7717366E-09
      0.0000      0.0000    -11.7741    0.9795365E-09
      0.0000      0.0000    -11.1854    0.1018839E-08
      0.0000      0.0000    -10.5967    0.1822029E-08
      0.0000      0.0000    -10.0080    0.2057074E-08
      0.0000      0.0000     -9.4193    0.7118783E-08
      0.0000      0.0000     -8.8306    0.1310369E-07
      0.0000      0.0000     -8.2419    0.5711933E-07
      0.0000      0.0000     -7.6532    0.1508777E-06
      0.0000      0.0000     -7.0645    0.6047948E-06
      0.0000      0.0000     -6.4758    0.1854745E-05
      0.0000      0.0000     -5.8871    0.6977673E-05
      0.0000      0.0000     -5.2983    0.2292340E-04
      0.0000      0.0000     -4.7096    0.8446797E-04
      0.0000      0.0000     -4.1209    0.2911812E-03
      0.0000      0.0000     -3.5322    0.1092231E-02
      0.0000      0.0000     -2.9435    0.4027145E-02
      0.0000      0.0000     -2.3548    0.1631849E-01
      0.0000      0.0000     -1.7661    0.6832002E-01
      0.0000      0.0000     -1.1774    0.2827690E+00
      0.0000      0.0000     -0.5887    0.5332846E+00
      0.0000      0.0000      0.0000    0.2361770E+00
      0.0000      0.0000      0.5887    0.5332846E+00
      0.0000      0.0000      1.1774    0.2827690E+00
      0.0000      0.0000      1.7661    0.6832002E-01
      0.0000      0.0000      2.3548    0.1631849E-01
      0.0000      0.0000      2.9435    0.4027145E-02
      0.0000      0.0000      3.5322    0.1092231E-02
      0.0000      0.0000      4.1209    0.2911812E-03
      0.0000      0.0000      4.7096    0.8446797E-04
      0.0000      0.0000      5.2983    0.2292340E-04
      0.0000      0.0000      5.8871    0.6977673E-05
      0.0000      0.0000      6.4758    0.1854745E-05
      0.0000      0.0000      7.0645    0.6047948E-06
      0.0000      0.0000      7.6532    0.1508777E-06
      0.0000      0.0000      8.2419    0.5711933E-07
      0.0000      0.0000      8.8306    0.1310369E-07
      0.0000      0.0000      9.4193    0.7118783E-08
      0.0000      0.0000     10.0080    0.2057074E-08
      0.0000      0.0000     10.5967    0.1822029E-08
      0.0000      0.0000     11.1854    0.1018839E-08
      0.0000      0.0000     11.7741    0.9795365E-09
      0.0000      0.0000     12.3628    0.7717366E-09
      0.0000      0.0000     12.9515    0.7154956E-09
      0.0000      0.0000     13.5402    0.6290975E-09
      0.0000      0.0000     14.1289    0.5815138E-09
      0.0000      0.0000     14.7176    0.5343887E-09
      0.0000      0.0000     15.3063    0.5011921E-09
      0.0000      0.0000     15.8950    0.4731881E-09
      0.0000      0.0000     16.4837    0.4524126E-09
      0.0000      0.0000     17.0724    0.4366473E-09
      0.0000      0.0000     17.6611    0.4258726E-09
      0.0000      0.0000     18.2499    0.4195150E-09
      0.0000      0.0000     18.8386    0.4172353E-09
    -18.2499      0.0000      0.0000    0.6894171E-10
    -17.6611      0.0000      0.0000    0.7162624E-10
    -17.0724      0.0000      0.0000    0.7515796E-10
    -16.4837      0.0000      0.0000    0.7962575E-10
    -15.8950      0.0000      0.0000    0.8529422E-10
    -15.3063      0.0000      0.0000    0.9221818E-10
    -14.7176      0.0000      0.0000    0.1010639E-09
    -14.1289      0.0000      0.0000    0.1115687E-09
    -13.5402      0.0000      0.0000    0.1256164E-09
    -12.9515      0.0000      0.0000    0.1415481E-09
    -12.3628      0.0000      0.0000    0.1651363E-09
    -11.7741      0.0000      0.0000    0.1904763E-09
