      0.0000      0.0000    -18.2499    0.4164621E-09
      0.0000      0.0000    -17.6611    0.4227772E-09
      0.0000      0.0000    -17.0724    0.4334749E-09
      0.0000      0.0000    -16.4837    0.4491362E-09
      0.0000      0.0000    -15.8950    0.4697616E-09
      0.0000      0.0000    -15.3063    0.4975869E-09
      0.0000      0.0000    -14.7176    0.5305318E-09
      0.0000      0.0000    -14.1289    0.5773744E-09
      0.0000      0.0000    -13.5402    0.6245247E-09
      0.0000      0.0000    -12.9515    0.7104259E-09
      0.0000      0.0000    -12.3628    0.7656461E-09
      0.0000      0.0000    -11.7741    0.9718758E-09
      0.0000      0.0000    -11.1854    0.1006297E-08
      0.0000      0.0000    -10.5967    0.1798351E-08
      0.0000      0.0000    -10.0080    0.1994143E-08
      0.0000      0.0000     -9.4193    0.6949567E-08
      0.0000      0.0000     -8.8306    0.1257068E-07
      0.0000      0.0000     -8.2419    0.5554776E-07
      0.0000      0.0000     -7.6532    0.1459133E-06
      0.0000      0.0000     -7.0645    0.5900619E-06
      0.0000      0.0000     -6.4758    0.1809604E-05
      0.0000      0.0000     -5.8871    0.6846943E-05
      0.0000      0.0000     -5.2983    0.2254271E-04
      0.0000      0.0000     -4.7096    0.8343153E-04
      0.0000      0.0000     -4.1209    0.2884500E-03
      0.0000      0.0000     -3.5322    0.1085881E-02
      0.0000      0.0000     -2.9435    0.4014564E-02
      0.0000      0.0000     -2.3548    0.1630547E-01
      0.0000      0.0000     -1.7661    0.6836269E-01
      0.0000      0.0000     -1.1774    0.2832595E+00
      0.0000      0.0000     -0.5887    0.5352868E+00
      0.0000      0.0000      0.0000    0.2384827E+00
      0.0000      0.0000      0.5887    0.5352868E+00
      0.0000      0.0000      1.1774    0.2832595E+00
      0.0000      0.0000      1.7661    0.6836269E-01
      0.0000      0.0000      2.3548    0.1630547E-01
      0.0000      0.0000      2.9435    0.4014564E-02
      0.0000      0.0000      3.5322    0.1085881E-02
      0.0000      0.0000      4.1209    0.2884500E-03
      0.0000      0.0000      4.7096    0.8343153E-04
      0.0000      0.0000      5.2983    0.2254271E-04
      0.0000      0.0000      5.8871    0.6846943E-05
      0.0000      0.0000      6.4758    0.1809604E-05
      0.0000      0.0000      7.0645    0.5900619E-06
      0.0000      0.0000      7.6532    0.1459133E-06
      0.0000      0.0000      8.2419    0.5554776E-07
      0.0000      0.0000      8.8306    0.1257068E-07
      0.0000      0.0000      9.4193    0.6949567E-08
      0.0000      0.0000     10.0080    0.1994143E-08
      0.0000      0.0000     10.5967    0.1798351E-08
      0.0000      0.0000     11.1854    0.1006297E-08
      0.0000      0.0000     11.7741    0.9718758E-09
      0.0000      0.0000     12.3628    0.7656461E-09
      0.0000      0.0000     12.9515    0.7104259E-09
      0.0000      0.0000     13.5402    0.6245247E-09
      0.0000      0.0000     14.1289    0.5773744E-09
      0.0000      0.0000     14.7176    0.5305318E-09
      0.0000      0.0000     15.3063    0.4975869E-09
      0.0000      0.0000     15.8950    0.4697616E-09
      0.0000      0.0000     16.4837    0.4491362E-09
      0.0000      0.0000     17.0724    0.4334749E-09
      0.0000      0.0000     17.6611    0.4227772E-09
      0.0000      0.0000     18.2499    0.4164621E-09
      0.0000      0.0000     18.8386    0.4141996E-09
    -18.2499      0.0000      0.0000    0.7603701E-10
    -17.6611      0.0000      0.0000    0.7892465E-10
    -17.0724      0.0000      0.0000    0.8276523E-10
    -16.4837      0.0000      0.0000    0.8762136E-10
    -15.8950      0.0000      0.0000    0.9380066E-10
    -15.3063      0.0000      0.0000    0.1013366E-09
    -14.7176      0.0000      0.0000    0.1109976E-09
    -14.1289      0.0000      0.0000    0.1224170E-09
    -13.5402      0.0000      0.0000    0.1377959E-09
    -12.9515      0.0000      0.0000    0.1550438E-09
    -12.3628      0.0000      0.0000    0.1810146E-09
    -11.7741      0.0000      0.0000    0.2082099E-09
