      0.0000      0.0000    -18.2499    0.3934012E-09
      0.0000      0.0000    -17.6611    0.3993804E-09
      0.0000      0.0000    -17.0724    0.4095213E-09
      0.0000      0.0000    -16.4837    0.4243423E-09
      0.0000      0.0000    -15.8950    0.4439254E-09
      0.0000      0.0000    -15.3063    0.4701996E-09
      0.0000      0.0000    -14.7176    0.5016176E-09
      0.0000      0.0000    -14.1289    0.5455526E-09
      0.0000      0.0000    -13.5402    0.5910113E-09
      0.0000      0.0000    -12.9515    0.6701277E-09
      0.0000      0.0000    -12.3628    0.7245407E-09
      0.0000      0.0000    -11.7741    0.9072248E-09
      0.0000      0.0000    -11.1854    0.9366833E-09
      0.0000      0.0000    -10.5967    0.1603299E-08
      0.0000      0.0000    -10.0080    0.1664373E-08
      0.0000      0.0000     -9.4193    0.5715272E-08
      0.0000      0.0000     -8.8306    0.9528888E-08
      0.0000      0.0000     -8.2419    0.4495884E-07
      0.0000      0.0000     -7.6532    0.1162181E-06
      0.0000      0.0000     -7.0645    0.4956325E-06
      0.0000      0.0000     -6.4758    0.1540198E-05
      0.0000      0.0000     -5.8871    0.6057608E-05
      0.0000      0.0000     -5.2983    0.2040009E-04
      0.0000      0.0000     -4.7096    0.7785744E-04
      0.0000      0.0000     -4.1209    0.2754628E-03
      0.0000      0.0000     -3.5322    0.1060932E-02
      0.0000      0.0000     -2.9435    0.3987691E-02
      0.0000      0.0000     -2.3548    0.1639045E-01
      0.0000      0.0000     -1.7661    0.6921791E-01
      0.0000      0.0000     -1.1774    0.2882376E+00
      0.0000      0.0000     -0.5887    0.5463084E+00
      0.0000      0.0000      0.0000    0.2432407E+00
      0.0000      0.0000      0.5887    0.5463084E+00
      0.0000      0.0000      1.1774    0.2882376E+00
      0.0000      0.0000      1.7661    0.6921791E-01
      0.0000      0.0000      2.3548    0.1639045E-01
      0.0000      0.0000      2.9435    0.3987691E-02
      0.0000      0.0000      3.5322    0.1060932E-02
      0.0000      0.0000      4.1209    0.2754628E-03
      0.0000      0.0000      4.7096    0.7785744E-04
      0.0000      0.0000      5.2983    0.2040009E-04
      0.0000      0.0000      5.8871    0.6057608E-05
      0.0000      0.0000      6.4758    0.1540198E-05
      0.0000      0.0000      7.0645    0.4956325E-06
      0.0000      0.0000      7.6532    0.1162181E-06
      0.0000      0.0000      8.2419    0.4495884E-07
      0.0000      0.0000      8.8306    0.9528888E-08
      0.0000      0.0000      9.4193    0.5715272E-08
      0.0000      0.0000     10.0080    0.1664373E-08
      0.0000      0.0000     10.5967    0.1603299E-08
      0.0000      0.0000     11.1854    0.9366833E-09
      0.0000      0.0000     11.7741    0.9072248E-09
      0.0000      0.0000     12.3628    0.7245407E-09
      0.0000      0.0000     12.9515    0.6701277E-09
      0.0000      0.0000     13.5402    0.5910113E-09
      0.0000      0.0000     14.1289    0.5455526E-09
      0.0000      0.0000     14.7176    0.5016176E-09
      0.0000      0.0000     15.3063    0.4701996E-09
      0.0000      0.0000     15.8950    0.4439254E-09
      0.0000      0.0000     16.4837    0.4243423E-09
      0.0000      0.0000     17.0724    0.4095213E-09
      0.0000      0.0000     17.6611    0.3993804E-09
      0.0000      0.0000     18.2499    0.3934012E-09
      0.0000      0.0000     18.8386    0.3912522E-09
    -18.2499      0.0000      0.0000    0.7250200E-10
    -17.6611      0.0000      0.0000    0.7464239E-10
    -17.0724      0.0000      0.0000    0.7780583E-10
    -16.4837      0.0000      0.0000    0.8165507E-10
    -15.8950      0.0000      0.0000    0.8706601E-10
    -15.3063      0.0000      0.0000    0.9290058E-10
    -14.7176      0.0000      0.0000    0.1020549E-09
    -14.1289      0.0000      0.0000    0.1098028E-09
    -13.5402      0.0000      0.0000    0.1267485E-09
    -12.9515      0.0000      0.0000    0.1339466E-09
    -12.3628      0.0000      0.0000    0.1721305E-09
    -11.7741      0.0000      0.0000    0.1678073E-09
    -11.1854      0.0000      0.0000    0.2852173E-09
