      0.0000      0.0000    -18.2499    0.3928167E-09
      0.0000      0.0000    -17.6611    0.3987870E-09
      0.0000      0.0000    -17.0724    0.4089131E-09
      0.0000      0.0000    -16.4837    0.4237118E-09
      0.0000      0.0000    -15.8950    0.4432664E-09
      0.0000      0.0000    -15.3063    0.4695009E-09
      0.0000      0.0000    -14.7176    0.5008736E-09
      0.0000      0.0000    -14.1289    0.5447428E-09
      0.0000      0.0000    -13.5402    0.5901341E-09
      0.0000      0.0000    -12.9515    0.6691415E-09
      0.0000      0.0000    -12.3628    0.7234601E-09
      0.0000      0.0000    -11.7741    0.9059666E-09
      0.0000      0.0000    -11.1854    0.9353319E-09
      0.0000      0.0000    -10.5967    0.1601807E-08
      0.0000      0.0000    -10.0080    0.1663361E-08
      0.0000      0.0000     -9.4193    0.5716601E-08
      0.0000      0.0000     -8.8306    0.9539842E-08
      0.0000      0.0000     -8.2419    0.4500965E-07
      0.0000      0.0000     -7.6532    0.1164081E-06
      0.0000      0.0000     -7.0645    0.4963638E-06
      0.0000      0.0000     -6.4758    0.1542801E-05
      0.0000      0.0000     -5.8871    0.6067104E-05
      0.0000      0.0000     -5.2983    0.2043312E-04
      0.0000      0.0000     -4.7096    0.7797222E-04
      0.0000      0.0000     -4.1209    0.2758460E-03
      0.0000      0.0000     -3.5322    0.1062172E-02
      0.0000      0.0000     -2.9435    0.3991474E-02
      0.0000      0.0000     -2.3548    0.1640057E-01
      0.0000      0.0000     -1.7661    0.6923581E-01
      0.0000      0.0000     -1.1774    0.2881914E+00
      0.0000      0.0000     -0.5887    0.5460779E+00
      0.0000      0.0000      0.0000    0.2431928E+00
      0.0000      0.0000      0.5887    0.5460779E+00
      0.0000      0.0000      1.1774    0.2881914E+00
      0.0000      0.0000      1.7661    0.6923581E-01
      0.0000      0.0000      2.3548    0.1640057E-01
      0.0000      0.0000      2.9435    0.3991474E-02
      0.0000      0.0000      3.5322    0.1062172E-02
      0.0000      0.0000      4.1209    0.2758460E-03
      0.0000      0.0000      4.7096    0.7797222E-04
      0.0000      0.0000      5.2983    0.2043312E-04
      0.0000      0.0000      5.8871    0.6067104E-05
      0.0000      0.0000      6.4758    0.1542801E-05
      0.0000      0.0000      7.0645    0.4963638E-06
      0.0000      0.0000      7.6532    0.1164081E-06
      0.0000      0.0000      8.2419    0.4500965E-07
      0.0000      0.0000      8.8306    0.9539842E-08
      0.0000      0.0000      9.4193    0.5716601E-08
      0.0000      0.0000     10.0080    0.1663361E-08
      0.0000      0.0000     10.5967    0.1601807E-08
      0.0000      0.0000     11.1854    0.9353319E-09
      0.0000      0.0000     11.7741    0.9059666E-09
      0.0000      0.0000     12.3628    0.7234601E-09
      0.0000      0.0000     12.9515    0.6691415E-09
      0.0000      0.0000     13.5402    0.5901341E-09
      0.0000      0.0000     14.1289    0.5447428E-09
      0.0000      0.0000     14.7176    0.5008736E-09
      0.0000      0.0000     15.3063    0.4695009E-09
      0.0000      0.0000     15.8950    0.4432664E-09
      0.0000      0.0000     16.4837    0.4237118E-09
      0.0000      0.0000     17.0724    0.4089131E-09
      0.0000      0.0000     17.6611    0.3987870E-09
      0.0000      0.0000     18.2499    0.3928167E-09
      0.0000      0.0000     18.8386    0.3906710E-09
    -18.2499      0.0000      0.0000    0.7250200E-10
    -17.6611      0.0000      0.0000    0.7464238E-10
    -17.0724      0.0000      0.0000    0.7780583E-10
    -16.4837      0.0000      0.0000    0.8165507E-10
    -15.8950      0.0000      0.0000    0.8706601E-10
    -15.3063      0.0000      0.0000    0.9290057E-10
    -14.7176      0.0000      0.0000    0.1020549E-09
    -14.1289      0.0000      0.0000    0.1098028E-09
    -13.5402      0.0000      0.0000    0.1267485E-09
    -12.9515      0.0000      0.0000    0.1339466E-09
    -12.3628      0.0000      0.0000    0.1721305E-09
    -11.7741      0.0000      0.0000    0.1678073E-09
    -11.1854      0.0000      0.0000    0.2852173E-09
