      0.0000      0.0000    -18.2499    0.3972920E-09
      0.0000      0.0000    -17.6611    0.4033326E-09
      0.0000      0.0000    -17.0724    0.4135665E-09
      0.0000      0.0000    -16.4837    0.4285495E-09
      0.0000      0.0000    -15.8950    0.4482968E-09
      0.0000      0.0000    -15.3063    0.4748808E-09
      0.0000      0.0000    -14.7176    0.5065312E-09
      0.0000      0.0000    -14.1289    0.5510284E-09
      0.0000      0.0000    -13.5402    0.5967738E-09
      0.0000      0.0000    -12.9515    0.6769456E-09
      0.0000      0.0000    -12.3628    0.7316787E-09
      0.0000      0.0000    -11.7741    0.9165033E-09
      0.0000      0.0000    -11.1854    0.9463284E-09
      0.0000      0.0000    -10.5967    0.1617270E-08
      0.0000      0.0000    -10.0080    0.1677403E-08
      0.0000      0.0000     -9.4193    0.5727805E-08
      0.0000      0.0000     -8.8306    0.9500095E-08
      0.0000      0.0000     -8.2419    0.4474452E-07
      0.0000      0.0000     -7.6532    0.1152389E-06
      0.0000      0.0000     -7.0645    0.4915119E-06
      0.0000      0.0000     -6.4758    0.1524670E-05
      0.0000      0.0000     -5.8871    0.5998972E-05
      0.0000      0.0000     -5.2983    0.2019138E-04
      0.0000      0.0000     -4.7096    0.7712098E-04
      0.0000      0.0000     -4.1209    0.2729777E-03
      0.0000      0.0000     -3.5322    0.1052828E-02
      0.0000      0.0000     -2.9435    0.3962813E-02
      0.0000      0.0000     -2.3548    0.1632350E-01
      0.0000      0.0000     -1.7661    0.6909853E-01
      0.0000      0.0000     -1.1774    0.2885402E+00
      0.0000      0.0000     -0.5887    0.5478336E+00
      0.0000      0.0000      0.0000    0.2435632E+00
      0.0000      0.0000      0.5887    0.5478336E+00
      0.0000      0.0000      1.1774    0.2885402E+00
      0.0000      0.0000      1.7661    0.6909853E-01
      0.0000      0.0000      2.3548    0.1632350E-01
      0.0000      0.0000      2.9435    0.3962813E-02
      0.0000      0.0000      3.5322    0.1052828E-02
      0.0000      0.0000      4.1209    0.2729777E-03
      0.0000      0.0000      4.7096    0.7712098E-04
      0.0000      0.0000      5.2983    0.2019138E-04
      0.0000      0.0000      5.8871    0.5998972E-05
      0.0000      0.0000      6.4758    0.1524670E-05
      0.0000      0.0000      7.0645    0.4915119E-06
      0.0000      0.0000      7.6532    0.1152389E-06
      0.0000      0.0000      8.2419    0.4474452E-07
      0.0000      0.0000      8.8306    0.9500095E-08
      0.0000      0.0000      9.4193    0.5727805E-08
      0.0000      0.0000     10.0080    0.1677403E-08
      0.0000      0.0000     10.5967    0.1617270E-08
      0.0000      0.0000     11.1854    0.9463284E-09
      0.0000      0.0000     11.7741    0.9165033E-09
      0.0000      0.0000     12.3628    0.7316786E-09
      0.0000      0.0000     12.9515    0.6769456E-09
      0.0000      0.0000     13.5402    0.5967738E-09
      0.0000      0.0000     14.1289    0.5510284E-09
      0.0000      0.0000     14.7176    0.5065312E-09
      0.0000      0.0000     15.3063    0.4748808E-09
      0.0000      0.0000     15.8950    0.4482967E-09
      0.0000      0.0000     16.4837    0.4285495E-09
      0.0000      0.0000     17.0724    0.4135665E-09
      0.0000      0.0000     17.6611    0.4033326E-09
      0.0000      0.0000     18.2499    0.3972920E-09
      0.0000      0.0000     18.8386    0.3951214E-09
    -18.2499      0.0000      0.0000    0.7250203E-10
    -17.6611      0.0000      0.0000    0.7464241E-10
    -17.0724      0.0000      0.0000    0.7780585E-10
    -16.4837      0.0000      0.0000    0.8165510E-10
    -15.8950      0.0000      0.0000    0.8706604E-10
    -15.3063      0.0000      0.0000    0.9290061E-10
    -14.7176      0.0000      0.0000    0.1020550E-09
    -14.1289      0.0000      0.0000    0.1098028E-09
    -13.5402      0.0000      0.0000    0.1267485E-09
    -12.9515      0.0000      0.0000    0.1339466E-09
    -12.3628      0.0000      0.0000    0.1721305E-09
    -11.7741      0.0000      0.0000    0.1678073E-09
    -11.1854      0.0000      0.0000    0.2852174E-09
