      0.0000      0.0000    -18.2499    0.3084476E-09
      0.0000      0.0000    -17.6611    0.3147040E-09
      0.0000      0.0000    -17.0724    0.3212719E-09
      0.0000      0.0000    -16.4837    0.3412763E-09
      0.0000      0.0000    -15.8950    0.3504853E-09
      0.0000      0.0000    -15.3063    0.3996057E-09
      0.0000      0.0000    -14.7176    0.4082372E-09
      0.0000      0.0000    -14.1289    0.5274436E-09
      0.0000      0.0000    -13.5402    0.5332756E-09
      0.0000      0.0000    -12.9515    0.8381869E-09
      0.0000      0.0000    -12.3628    0.8607300E-09
      0.0000      0.0000    -11.7741    0.1721862E-08
      0.0000      0.0000    -11.1854    0.1952559E-08
      0.0000      0.0000    -10.5967    0.4848390E-08
      0.0000      0.0000    -10.0080    0.6814504E-08
      0.0000      0.0000     -9.4193    0.1962868E-07
      0.0000      0.0000     -8.8306    0.3659535E-07
      0.0000      0.0000     -8.2419    0.1158638E-06
      0.0000      0.0000     -7.6532    0.2797599E-06
      0.0000      0.0000     -7.0645    0.9410920E-06
      0.0000      0.0000     -6.4758    0.2716503E-05
      0.0000      0.0000     -5.8871    0.9464193E-05
      0.0000      0.0000     -5.2983    0.3023960E-04
      0.0000      0.0000     -4.7096    0.1074194E-03
      0.0000      0.0000     -4.1209    0.3633698E-03
      0.0000      0.0000     -3.5322    0.1319952E-02
      0.0000      0.0000     -2.9435    0.4718843E-02
      0.0000      0.0000     -2.3548    0.1821561E-01
      0.0000      0.0000     -1.7661    0.7215274E-01
      0.0000      0.0000     -1.1774    0.2791933E+00
      0.0000      0.0000     -0.5887    0.5052316E+00
      0.0000      0.0000      0.0000    0.2353479E+00
      0.0000      0.0000      0.5887    0.5052316E+00
      0.0000      0.0000      1.1774    0.2791933E+00
      0.0000      0.0000      1.7661    0.7215274E-01
      0.0000      0.0000      2.3548    0.1821561E-01
      0.0000      0.0000      2.9435    0.4718843E-02
      0.0000      0.0000      3.5322    0.1319952E-02
      0.0000      0.0000      4.1209    0.3633698E-03
      0.0000      0.0000      4.7096    0.1074194E-03
      0.0000      0.0000      5.2983    0.3023960E-04
      0.0000      0.0000      5.8871    0.9464193E-05
      0.0000      0.0000      6.4758    0.2716503E-05
      0.0000      0.0000      7.0645    0.9410920E-06
      0.0000      0.0000      7.6532    0.2797600E-06
      0.0000      0.0000      8.2419    0.1158639E-06
      0.0000      0.0000      8.8306    0.3659539E-07
      0.0000      0.0000      9.4193    0.1962872E-07
      0.0000      0.0000     10.0080    0.6814536E-08
      0.0000      0.0000     10.5967    0.4848429E-08
      0.0000      0.0000     11.1854    0.1952591E-08
      0.0000      0.0000     11.7741    0.1721905E-08
      0.0000      0.0000     12.3628    0.8607617E-09
      0.0000      0.0000     12.9515    0.8382332E-09
      0.0000      0.0000     13.5402    0.5333051E-09
      0.0000      0.0000     14.1289    0.5274903E-09
      0.0000      0.0000     14.7176    0.4082616E-09
      0.0000      0.0000     15.3063    0.3996478E-09
      0.0000      0.0000     15.8950    0.3505022E-09
      0.0000      0.0000     16.4837    0.3413082E-09
      0.0000      0.0000     17.0724    0.3212812E-09
      0.0000      0.0000     17.6611    0.3147212E-09
      0.0000      0.0000     18.2499    0.3084504E-09
      0.0000      0.0000     18.8386    0.3067790E-09
    -18.2499      0.0000      0.0000    0.7250136E-10
    -17.6611      0.0000      0.0000    0.7464173E-10
    -17.0724      0.0000      0.0000    0.7780514E-10
    -16.4837      0.0000      0.0000    0.8165435E-10
    -15.8950      0.0000      0.0000    0.8706525E-10
    -15.3063      0.0000      0.0000    0.9289976E-10
    -14.7176      0.0000      0.0000    0.1020540E-09
    -14.1289      0.0000      0.0000    0.1098018E-09
    -13.5402      0.0000      0.0000    0.1267474E-09
    -12.9515      0.0000      0.0000    0.1339454E-09
    -12.3628      0.0000      0.0000    0.1721290E-09
    -11.7741      0.0000      0.0000    0.1678058E-09
    -11.1854      0.0000      0.0000    0.2852153E-09
