      0.0000      0.0000    -18.2499    0.3929135E-09
      0.0000      0.0000    -17.6611    0.3988853E-09
      0.0000      0.0000    -17.0724    0.4090138E-09
      0.0000      0.0000    -16.4837    0.4238162E-09
      0.0000      0.0000    -15.8950    0.4433757E-09
      0.0000      0.0000    -15.3063    0.4696165E-09
      0.0000      0.0000    -14.7176    0.5009970E-09
      0.0000      0.0000    -14.1289    0.5448764E-09
      0.0000      0.0000    -13.5402    0.5902800E-09
      0.0000      0.0000    -12.9515    0.6693033E-09
      0.0000      0.0000    -12.3628    0.7236401E-09
      0.0000      0.0000    -11.7741    0.9061690E-09
      0.0000      0.0000    -11.1854    0.9355555E-09
      0.0000      0.0000    -10.5967    0.1602027E-08
      0.0000      0.0000    -10.0080    0.1663506E-08
      0.0000      0.0000     -9.4193    0.5716244E-08
      0.0000      0.0000     -8.8306    0.9537824E-08
      0.0000      0.0000     -8.2419    0.4500047E-07
      0.0000      0.0000     -7.6532    0.1163752E-06
      0.0000      0.0000     -7.0645    0.4962384E-06
      0.0000      0.0000     -6.4758    0.1542362E-05
      0.0000      0.0000     -5.8871    0.6065511E-05
      0.0000      0.0000     -5.2983    0.2042762E-04
      0.0000      0.0000     -4.7096    0.7795317E-04
      0.0000      0.0000     -4.1209    0.2757826E-03
      0.0000      0.0000     -3.5322    0.1061968E-02
      0.0000      0.0000     -2.9435    0.3990851E-02
      0.0000      0.0000     -2.3548    0.1639891E-01
      0.0000      0.0000     -1.7661    0.6923288E-01
      0.0000      0.0000     -1.1774    0.2881990E+00
      0.0000      0.0000     -0.5887    0.5461157E+00
      0.0000      0.0000      0.0000    0.2432005E+00
      0.0000      0.0000      0.5887    0.5461157E+00
      0.0000      0.0000      1.1774    0.2881990E+00
      0.0000      0.0000      1.7661    0.6923288E-01
      0.0000      0.0000      2.3548    0.1639891E-01
      0.0000      0.0000      2.9435    0.3990851E-02
      0.0000      0.0000      3.5322    0.1061968E-02
      0.0000      0.0000      4.1209    0.2757826E-03
      0.0000      0.0000      4.7096    0.7795317E-04
      0.0000      0.0000      5.2983    0.2042762E-04
      0.0000      0.0000      5.8871    0.6065511E-05
      0.0000      0.0000      6.4758    0.1542362E-05
      0.0000      0.0000      7.0645    0.4962384E-06
      0.0000      0.0000      7.6532    0.1163752E-06
      0.0000      0.0000      8.2419    0.4500047E-07
      0.0000      0.0000      8.8306    0.9537824E-08
      0.0000      0.0000      9.4193    0.5716244E-08
      0.0000      0.0000     10.0080    0.1663506E-08
      0.0000      0.0000     10.5967    0.1602027E-08
      0.0000      0.0000     11.1854    0.9355555E-09
      0.0000      0.0000     11.7741    0.9061690E-09
      0.0000      0.0000     12.3628    0.7236401E-09
      0.0000      0.0000     12.9515    0.6693033E-09
      0.0000      0.0000     13.5402    0.5902800E-09
      0.0000      0.0000     14.1289    0.5448764E-09
      0.0000      0.0000     14.7176    0.5009970E-09
      0.0000      0.0000     15.3063    0.4696165E-09
      0.0000      0.0000     15.8950    0.4433757E-09
      0.0000      0.0000     16.4837    0.4238162E-09
      0.0000      0.0000     17.0724    0.4090138E-09
      0.0000      0.0000     17.6611    0.3988853E-09
      0.0000      0.0000     18.2499    0.3929135E-09
      0.0000      0.0000     18.8386    0.3907673E-09
    -18.2499      0.0000      0.0000    0.7250200E-10
    -17.6611      0.0000      0.0000    0.7464239E-10
    -17.0724      0.0000      0.0000    0.7780583E-10
    -16.4837      0.0000      0.0000    0.8165507E-10
    -15.8950      0.0000      0.0000    0.8706601E-10
    -15.3063      0.0000      0.0000    0.9290057E-10
    -14.7176      0.0000      0.0000    0.1020549E-09
    -14.1289      0.0000      0.0000    0.1098028E-09
    -13.5402      0.0000      0.0000    0.1267485E-09
    -12.9515      0.0000      0.0000    0.1339466E-09
    -12.3628      0.0000      0.0000    0.1721305E-09
    -11.7741      0.0000      0.0000    0.1678073E-09
    -11.1854      0.0000      0.0000    0.2852173E-09
