      0.0000      0.0000    -18.2499    0.1245648E-08
      0.0000      0.0000    -17.6611    0.1279967E-08
      0.0000      0.0000    -17.0724    0.1319791E-08
      0.0000      0.0000    -16.4837    0.1444648E-08
      0.0000      0.0000    -15.8950    0.1534761E-08
      0.0000      0.0000    -15.3063    0.1900733E-08
      0.0000      0.0000    -14.7176    0.2135139E-08
      0.0000      0.0000    -14.1289    0.3182451E-08
      0.0000      0.0000    -13.5402    0.3897728E-08
      0.0000      0.0000    -12.9515    0.6856070E-08
      0.0000      0.0000    -12.3628    0.9116465E-08
      0.0000      0.0000    -11.7741    0.1731698E-07
      0.0000      0.0000    -11.1854    0.2429374E-07
      0.0000      0.0000    -10.5967    0.4683382E-07
      0.0000      0.0000    -10.0080    0.6823237E-07
      0.0000      0.0000     -9.4193    0.1321625E-06
      0.0000      0.0000     -8.8306    0.2023940E-06
      0.0000      0.0000     -8.2419    0.4056178E-06
      0.0000      0.0000     -7.6532    0.6834249E-06
      0.0000      0.0000     -7.0645    0.1505156E-05
      0.0000      0.0000     -6.4758    0.3004960E-05
      0.0000      0.0000     -5.8871    0.7801143E-05
      0.0000      0.0000     -5.2983    0.1962761E-04
      0.0000      0.0000     -4.7096    0.6202410E-04
      0.0000      0.0000     -4.1209    0.1961399E-03
      0.0000      0.0000     -3.5322    0.7385862E-03
      0.0000      0.0000     -2.9435    0.2824950E-02
      0.0000      0.0000     -2.3548    0.1260980E-01
      0.0000      0.0000     -1.7661    0.5997161E-01
      0.0000      0.0000     -1.1774    0.2998884E+00
      0.0000      0.0000     -0.5887    0.6555199E+00
      0.0000      0.0000      0.0000    0.2799524E+00
      0.0000      0.0000      0.5887    0.6555199E+00
      0.0000      0.0000      1.1774    0.2998884E+00
      0.0000      0.0000      1.7661    0.5997161E-01
      0.0000      0.0000      2.3548    0.1260980E-01
      0.0000      0.0000      2.9435    0.2824950E-02
      0.0000      0.0000      3.5322    0.7385862E-03
      0.0000      0.0000      4.1209    0.1961399E-03
      0.0000      0.0000      4.7096    0.6202410E-04
      0.0000      0.0000      5.2983    0.1962761E-04
      0.0000      0.0000      5.8871    0.7801142E-05
      0.0000      0.0000      6.4758    0.3004960E-05
      0.0000      0.0000      7.0645    0.1505156E-05
      0.0000      0.0000      7.6532    0.6834250E-06
      0.0000      0.0000      8.2419    0.4056179E-06
      0.0000      0.0000      8.8306    0.2023941E-06
      0.0000      0.0000      9.4193    0.1321626E-06
      0.0000      0.0000     10.0080    0.6823258E-07
      0.0000      0.0000     10.5967    0.4683411E-07
      0.0000      0.0000     11.1854    0.2429409E-07
      0.0000      0.0000     11.7741    0.1731745E-07
      0.0000      0.0000     12.3628    0.9116977E-08
      0.0000      0.0000     12.9515    0.6856741E-08
      0.0000      0.0000     13.5402    0.3898397E-08
      0.0000      0.0000     14.1289    0.3183300E-08
      0.0000      0.0000     14.7176    0.2135893E-08
      0.0000      0.0000     15.3063    0.1901651E-08
      0.0000      0.0000     15.8950    0.1535463E-08
      0.0000      0.0000     16.4837    0.1445450E-08
      0.0000      0.0000     17.0724    0.1320286E-08
      0.0000      0.0000     17.6611    0.1280442E-08
      0.0000      0.0000     18.2499    0.1245826E-08
      0.0000      0.0000     18.8386    0.1237047E-08
    -18.2499      0.0000      0.0000    0.7250371E-10
    -17.6611      0.0000      0.0000    0.7464414E-10
    -17.0724      0.0000      0.0000    0.7780765E-10
    -16.4837      0.0000      0.0000    0.8165698E-10
    -15.8950      0.0000      0.0000    0.8706803E-10
    -15.3063      0.0000      0.0000    0.9290274E-10
    -14.7176      0.0000      0.0000    0.1020573E-09
    -14.1289      0.0000      0.0000    0.1098054E-09
    -13.5402      0.0000      0.0000    0.1267513E-09
    -12.9515      0.0000      0.0000    0.1339498E-09
    -12.3628      0.0000      0.0000    0.1721340E-09
    -11.7741      0.0000      0.0000    0.1678112E-09
    -11.1854      0.0000      0.0000    0.2852213E-09
