      0.0000      0.0000    -18.2499    0.3926339E-09
      0.0000      0.0000    -17.6611    0.3986014E-09
      0.0000      0.0000    -17.0724    0.4087227E-09
      0.0000      0.0000    -16.4837    0.4235147E-09
      0.0000      0.0000    -15.8950    0.4430600E-09
      0.0000      0.0000    -15.3063    0.4692831E-09
      0.0000      0.0000    -14.7176    0.5006398E-09
      0.0000      0.0000    -14.1289    0.5444918E-09
      0.0000      0.0000    -13.5402    0.5898568E-09
      0.0000      0.0000    -12.9515    0.6688409E-09
      0.0000      0.0000    -12.3628    0.7231147E-09
      0.0000      0.0000    -11.7741    0.9056019E-09
      0.0000      0.0000    -11.1854    0.9348988E-09
      0.0000      0.0000    -10.5967    0.1601464E-08
      0.0000      0.0000    -10.0080    0.1663094E-08
      0.0000      0.0000     -9.4193    0.5717632E-08
      0.0000      0.0000     -8.8306    0.9543964E-08
      0.0000      0.0000     -8.2419    0.4502889E-07
      0.0000      0.0000     -7.6532    0.1164728E-06
      0.0000      0.0000     -7.0645    0.4966102E-06
      0.0000      0.0000     -6.4758    0.1543645E-05
      0.0000      0.0000     -5.8871    0.6070143E-05
      0.0000      0.0000     -5.2983    0.2044350E-04
      0.0000      0.0000     -4.7096    0.7800796E-04
      0.0000      0.0000     -4.1209    0.2759642E-03
      0.0000      0.0000     -3.5322    0.1062552E-02
      0.0000      0.0000     -2.9435    0.3992627E-02
      0.0000      0.0000     -2.3548    0.1640364E-01
      0.0000      0.0000     -1.7661    0.6924118E-01
      0.0000      0.0000     -1.1774    0.2881772E+00
      0.0000      0.0000     -0.5887    0.5460088E+00
      0.0000      0.0000      0.0000    0.2431800E+00
      0.0000      0.0000      0.5887    0.5460088E+00
      0.0000      0.0000      1.1774    0.2881772E+00
      0.0000      0.0000      1.7661    0.6924118E-01
      0.0000      0.0000      2.3548    0.1640364E-01
      0.0000      0.0000      2.9435    0.3992627E-02
      0.0000      0.0000      3.5322    0.1062552E-02
      0.0000      0.0000      4.1209    0.2759642E-03
      0.0000      0.0000      4.7096    0.7800796E-04
      0.0000      0.0000      5.2983    0.2044350E-04
      0.0000      0.0000      5.8871    0.6070143E-05
      0.0000      0.0000      6.4758    0.1543645E-05
      0.0000      0.0000      7.0645    0.4966102E-06
      0.0000      0.0000      7.6532    0.1164728E-06
      0.0000      0.0000      8.2419    0.4502889E-07
      0.0000      0.0000      8.8306    0.9543964E-08
      0.0000      0.0000      9.4193    0.5717632E-08
      0.0000      0.0000     10.0080    0.1663094E-08
      0.0000      0.0000     10.5967    0.1601464E-08
      0.0000      0.0000     11.1854    0.9348988E-09
      0.0000      0.0000     11.7741    0.9056019E-09
      0.0000      0.0000     12.3628    0.7231147E-09
      0.0000      0.0000     12.9515    0.6688409E-09
      0.0000      0.0000     13.5402    0.5898568E-09
      0.0000      0.0000     14.1289    0.5444918E-09
      0.0000      0.0000     14.7176    0.5006398E-09
      0.0000      0.0000     15.3063    0.4692831E-09
      0.0000      0.0000     15.8950    0.4430600E-09
      0.0000      0.0000     16.4837    0.4235147E-09
      0.0000      0.0000     17.0724    0.4087227E-09
      0.0000      0.0000     17.6611    0.3986014E-09
      0.0000      0.0000     18.2499    0.3926339E-09
      0.0000      0.0000     18.8386    0.3904892E-09
    -18.2499      0.0000      0.0000    0.7250200E-10
    -17.6611      0.0000      0.0000    0.7464238E-10
    -17.0724      0.0000      0.0000    0.7780582E-10
    -16.4837      0.0000      0.0000    0.8165507E-10
    -15.8950      0.0000      0.0000    0.8706601E-10
    -15.3063      0.0000      0.0000    0.9290057E-10
    -14.7176      0.0000      0.0000    0.1020549E-09
    -14.1289      0.0000      0.0000    0.1098028E-09
    -13.5402      0.0000      0.0000    0.1267485E-09
    -12.9515      0.0000      0.0000    0.1339466E-09
    -12.3628      0.0000      0.0000    0.1721305E-09
    -11.7741      0.0000      0.0000    0.1678073E-09
    -11.1854      0.0000      0.0000    0.2852173E-09
