      0.0000      0.0000    -18.2499    0.3928519E-09
      0.0000      0.0000    -17.6611    0.3988227E-09
      0.0000      0.0000    -17.0724    0.4089498E-09
      0.0000      0.0000    -16.4837    0.4237497E-09
      0.0000      0.0000    -15.8950    0.4433062E-09
      0.0000      0.0000    -15.3063    0.4695429E-09
      0.0000      0.0000    -14.7176    0.5009186E-09
      0.0000      0.0000    -14.1289    0.5447913E-09
      0.0000      0.0000    -13.5402    0.5901874E-09
      0.0000      0.0000    -12.9515    0.6691999E-09
      0.0000      0.0000    -12.3628    0.7235262E-09
      0.0000      0.0000    -11.7741    0.9060384E-09
      0.0000      0.0000    -11.1854    0.9354149E-09
      0.0000      0.0000    -10.5967    0.1601880E-08
      0.0000      0.0000    -10.0080    0.1663415E-08
      0.0000      0.0000     -9.4193    0.5716437E-08
      0.0000      0.0000     -8.8306    0.9539087E-08
      0.0000      0.0000     -8.2419    0.4500612E-07
      0.0000      0.0000     -7.6532    0.1163959E-06
      0.0000      0.0000     -7.0645    0.4963172E-06
      0.0000      0.0000     -6.4758    0.1542640E-05
      0.0000      0.0000     -5.8871    0.6066522E-05
      0.0000      0.0000     -5.2983    0.2043112E-04
      0.0000      0.0000     -4.7096    0.7796533E-04
      0.0000      0.0000     -4.1209    0.2758231E-03
      0.0000      0.0000     -3.5322    0.1062099E-02
      0.0000      0.0000     -2.9435    0.3991251E-02
      0.0000      0.0000     -2.3548    0.1639998E-01
      0.0000      0.0000     -1.7661    0.6923476E-01
      0.0000      0.0000     -1.1774    0.2881941E+00
      0.0000      0.0000     -0.5887    0.5460913E+00
      0.0000      0.0000      0.0000    0.2431954E+00
      0.0000      0.0000      0.5887    0.5460913E+00
      0.0000      0.0000      1.1774    0.2881941E+00
      0.0000      0.0000      1.7661    0.6923476E-01
      0.0000      0.0000      2.3548    0.1639998E-01
      0.0000      0.0000      2.9435    0.3991251E-02
      0.0000      0.0000      3.5322    0.1062099E-02
      0.0000      0.0000      4.1209    0.2758231E-03
      0.0000      0.0000      4.7096    0.7796533E-04
      0.0000      0.0000      5.2983    0.2043112E-04
      0.0000      0.0000      5.8871    0.6066522E-05
      0.0000      0.0000      6.4758    0.1542640E-05
      0.0000      0.0000      7.0645    0.4963172E-06
      0.0000      0.0000      7.6532    0.1163959E-06
      0.0000      0.0000      8.2419    0.4500612E-07
      0.0000      0.0000      8.8306    0.9539087E-08
      0.0000      0.0000      9.4193    0.5716437E-08
      0.0000      0.0000     10.0080    0.1663415E-08
      0.0000      0.0000     10.5967    0.1601880E-08
      0.0000      0.0000     11.1854    0.9354149E-09
      0.0000      0.0000     11.7741    0.9060384E-09
      0.0000      0.0000     12.3628    0.7235262E-09
      0.0000      0.0000     12.9515    0.6691999E-09
      0.0000      0.0000     13.5402    0.5901874E-09
      0.0000      0.0000     14.1289    0.5447913E-09
      0.0000      0.0000     14.7176    0.5009186E-09
      0.0000      0.0000     15.3063    0.4695429E-09
      0.0000      0.0000     15.8950    0.4433062E-09
      0.0000      0.0000     16.4837    0.4237497E-09
      0.0000      0.0000     17.0724    0.4089498E-09
      0.0000      0.0000     17.6611    0.3988227E-09
      0.0000      0.0000     18.2499    0.3928519E-09
      0.0000      0.0000     18.8386    0.3907061E-09
    -18.2499      0.0000      0.0000    0.7250200E-10
    -17.6611      0.0000      0.0000    0.7464238E-10
    -17.0724      0.0000      0.0000    0.7780583E-10
    -16.4837      0.0000      0.0000    0.8165507E-10
    -15.8950      0.0000      0.0000    0.8706601E-10
    -15.3063      0.0000      0.0000    0.9290057E-10
    -14.7176      0.0000      0.0000    0.1020549E-09
    -14.1289      0.0000      0.0000    0.1098028E-09
    -13.5402      0.0000      0.0000    0.1267485E-09
    -12.9515      0.0000      0.0000    0.1339466E-09
    -12.3628      0.0000      0.0000    0.1721305E-09
    -11.7741      0.0000      0.0000    0.1678073E-09
    -11.1854      0.0000      0.0000    0.2852173E-09
