      0.0000      0.0000    -18.2499    0.3911824E-09
      0.0000      0.0000    -17.6611    0.3971283E-09
      0.0000      0.0000    -17.0724    0.4072110E-09
      0.0000      0.0000    -16.4837    0.4219517E-09
      0.0000      0.0000    -15.8950    0.4414191E-09
      0.0000      0.0000    -15.3063    0.4675576E-09
      0.0000      0.0000    -14.7176    0.4987790E-09
      0.0000      0.0000    -14.1289    0.5425106E-09
      0.0000      0.0000    -13.5402    0.5876452E-09
      0.0000      0.0000    -12.9515    0.6664893E-09
      0.0000      0.0000    -12.3628    0.7203678E-09
      0.0000      0.0000    -11.7741    0.9028397E-09
      0.0000      0.0000    -11.1854    0.9315635E-09
      0.0000      0.0000    -10.5967    0.1599358E-08
      0.0000      0.0000    -10.0080    0.1661949E-08
      0.0000      0.0000     -9.4193    0.5729141E-08
      0.0000      0.0000     -8.8306    0.9583504E-08
      0.0000      0.0000     -8.2419    0.4520086E-07
      0.0000      0.0000     -7.6532    0.1170307E-06
      0.0000      0.0000     -7.0645    0.4986801E-06
      0.0000      0.0000     -6.4758    0.1550607E-05
      0.0000      0.0000     -5.8871    0.6094921E-05
      0.0000      0.0000     -5.2983    0.2052742E-04
      0.0000      0.0000     -4.7096    0.7829525E-04
      0.0000      0.0000     -4.1209    0.2769100E-03
      0.0000      0.0000     -3.5322    0.1065585E-02
      0.0000      0.0000     -2.9435    0.4001801E-02
      0.0000      0.0000     -2.3548    0.1642800E-01
      0.0000      0.0000     -1.7661    0.6928369E-01
      0.0000      0.0000     -1.1774    0.2880645E+00
      0.0000      0.0000     -0.5887    0.5454605E+00
      0.0000      0.0000      0.0000    0.2430789E+00
      0.0000      0.0000      0.5887    0.5454605E+00
      0.0000      0.0000      1.1774    0.2880645E+00
      0.0000      0.0000      1.7661    0.6928369E-01
      0.0000      0.0000      2.3548    0.1642800E-01
      0.0000      0.0000      2.9435    0.4001801E-02
      0.0000      0.0000      3.5322    0.1065585E-02
      0.0000      0.0000      4.1209    0.2769100E-03
      0.0000      0.0000      4.7096    0.7829525E-04
      0.0000      0.0000      5.2983    0.2052742E-04
      0.0000      0.0000      5.8871    0.6094921E-05
      0.0000      0.0000      6.4758    0.1550607E-05
      0.0000      0.0000      7.0645    0.4986801E-06
      0.0000      0.0000      7.6532    0.1170307E-06
      0.0000      0.0000      8.2419    0.4520086E-07
      0.0000      0.0000      8.8306    0.9583504E-08
      0.0000      0.0000      9.4193    0.5729141E-08
      0.0000      0.0000     10.0080    0.1661949E-08
      0.0000      0.0000     10.5967    0.1599358E-08
      0.0000      0.0000     11.1854    0.9315635E-09
      0.0000      0.0000     11.7741    0.9028397E-09
      0.0000      0.0000     12.3628    0.7203678E-09
      0.0000      0.0000     12.9515    0.6664893E-09
      0.0000      0.0000     13.5402    0.5876452E-09
      0.0000      0.0000     14.1289    0.5425106E-09
      0.0000      0.0000     14.7176    0.4987790E-09
      0.0000      0.0000     15.3063    0.4675576E-09
      0.0000      0.0000     15.8950    0.4414191E-09
      0.0000      0.0000     16.4837    0.4219517E-09
      0.0000      0.0000     17.0724    0.4072110E-09
      0.0000      0.0000     17.6611    0.3971283E-09
      0.0000      0.0000     18.2499    0.3911824E-09
      0.0000      0.0000     18.8386    0.3890458E-09
    -18.2499      0.0000      0.0000    0.7250199E-10
    -17.6611      0.0000      0.0000    0.7464237E-10
    -17.0724      0.0000      0.0000    0.7780581E-10
    -16.4837      0.0000      0.0000    0.8165506E-10
    -15.8950      0.0000      0.0000    0.8706599E-10
    -15.3063      0.0000      0.0000    0.9290056E-10
    -14.7176      0.0000      0.0000    0.1020549E-09
    -14.1289      0.0000      0.0000    0.1098028E-09
    -13.5402      0.0000      0.0000    0.1267485E-09
    -12.9515      0.0000      0.0000    0.1339466E-09
    -12.3628      0.0000      0.0000    0.1721304E-09
    -11.7741      0.0000      0.0000    0.1678072E-09
    -11.1854      0.0000      0.0000    0.2852173E-09
