    -18.2499      0.0000      0.0000    0.8024600E-10
    -17.6611      0.0000      0.0000    0.8231202E-10
    -17.0724      0.0000      0.0000    0.8608346E-10
    -16.4837      0.0000      0.0000    0.8969971E-10
    -15.8950      0.0000      0.0000    0.9632614E-10
    -15.3063      0.0000      0.0000    0.1016436E-09
    -14.7176      0.0000      0.0000    0.1129049E-09
    -14.1289      0.0000      0.0000    0.1197419E-09
    -13.5402      0.0000      0.0000    0.1399684E-09
    -12.9515      0.0000      0.0000    0.1460814E-09
    -12.3628      0.0000      0.0000    0.1881541E-09
    -11.7741      0.0000      0.0000    0.1833859E-09
    -11.1854      0.0000      0.0000    0.2972038E-09
    -10.5967      0.0000      0.0000    0.2614211E-09
    -10.0080      0.0000      0.0000    0.7305149E-09
     -9.4193      0.0000      0.0000    0.9708243E-09
     -8.8306      0.0000      0.0000    0.4390298E-08
     -8.2419      0.0000      0.0000    0.1226918E-07
     -7.6532      0.0000      0.0000    0.5209387E-07
     -7.0645      0.0000      0.0000    0.1927393E-06
     -6.4758      0.0000      0.0000    0.7671183E-06
     -5.8871      0.0000      0.0000    0.3041033E-05
     -5.2983      0.0000      0.0000    0.1192895E-04
     -4.7096      0.0000      0.0000    0.4811358E-04
     -4.1209      0.0000      0.0000    0.1894122E-03
     -3.5322      0.0000      0.0000    0.7715869E-03
     -2.9435      0.0000      0.0000    0.3070540E-02
     -2.3548      0.0000      0.0000    0.1264127E-01
     -1.7661      0.0000      0.0000    0.5016775E-01
     -1.1774      0.0000      0.0000    0.1987439E+00
     -0.5887      0.0000      0.0000    0.4854461E+00
      0.0000      0.0000      0.0000    0.2465583E+00
      0.5887      0.0000      0.0000    0.4478911E+00
      1.1774      0.0000      0.0000    0.4401820E+00
      1.7661      0.0000      0.0000    0.1172570E+00
      2.3548      0.0000      0.0000    0.2364461E-01
      2.9435      0.0000      0.0000    0.5058057E-02
      3.5322      0.0000      0.0000    0.1120065E-02
      4.1209      0.0000      0.0000    0.2554613E-03
      4.7096      0.0000      0.0000    0.6015283E-04
      5.2983      0.0000      0.0000    0.1396344E-04
      5.8871      0.0000      0.0000    0.3467062E-05
      6.4758      0.0000      0.0000    0.7819455E-06
      7.0645      0.0000      0.0000    0.2145976E-06
      7.6532      0.0000      0.0000    0.4224857E-07
      8.2419      0.0000      0.0000    0.1531378E-07
      8.8306      0.0000      0.0000    0.1914738E-08
      9.4193      0.0000      0.0000    0.1582057E-08
     10.0080      0.0000      0.0000    0.1071188E-09
     10.5967      0.0000      0.0000    0.3487420E-09
     11.1854      0.0000      0.0000    0.9967591E-10
     11.7741      0.0000      0.0000    0.1673574E-09
     12.3628      0.0000      0.0000    0.1055779E-09
     12.9515      0.0000      0.0000    0.1185688E-09
     13.5402      0.0000      0.0000    0.9711851E-10
     14.1289      0.0000      0.0000    0.9765990E-10
     14.7176      0.0000      0.0000    0.8801917E-10
     15.3063      0.0000      0.0000    0.8645112E-10
     15.8950      0.0000      0.0000    0.8161187E-10
     16.4837      0.0000      0.0000    0.8036465E-10
     17.0724      0.0000      0.0000    0.7820839E-10
     17.6611      0.0000      0.0000    0.7787583E-10
     18.2499      0.0000      0.0000    0.7770427E-10
     18.8386      0.0000      0.0000    0.7841788E-10
