      0.0000      0.0000    -18.2499    0.3928429E-09
      0.0000      0.0000    -17.6611    0.3988138E-09
      0.0000      0.0000    -17.0724    0.4089403E-09
      0.0000      0.0000    -16.4837    0.4237402E-09
      0.0000      0.0000    -15.8950    0.4432960E-09
      0.0000      0.0000    -15.3063    0.4695323E-09
      0.0000      0.0000    -14.7176    0.5009071E-09
      0.0000      0.0000    -14.1289    0.5447789E-09
      0.0000      0.0000    -13.5402    0.5901739E-09
      0.0000      0.0000    -12.9515    0.6691846E-09
      0.0000      0.0000    -12.3628    0.7235096E-09
      0.0000      0.0000    -11.7741    0.9060179E-09
      0.0000      0.0000    -11.1854    0.9353934E-09
      0.0000      0.0000    -10.5967    0.1601851E-08
      0.0000      0.0000    -10.0080    0.1663394E-08
      0.0000      0.0000     -9.4193    0.5716433E-08
      0.0000      0.0000     -8.8306    0.9539218E-08
      0.0000      0.0000     -8.2419    0.4500680E-07
      0.0000      0.0000     -7.6532    0.1163986E-06
      0.0000      0.0000     -7.0645    0.4963280E-06
      0.0000      0.0000     -6.4758    0.1542679E-05
      0.0000      0.0000     -5.8871    0.6066666E-05
      0.0000      0.0000     -5.2983    0.2043162E-04
      0.0000      0.0000     -4.7096    0.7796708E-04
      0.0000      0.0000     -4.1209    0.2758290E-03
      0.0000      0.0000     -3.5322    0.1062118E-02
      0.0000      0.0000     -2.9435    0.3991308E-02
      0.0000      0.0000     -2.3548    0.1640013E-01
      0.0000      0.0000     -1.7661    0.6923504E-01
      0.0000      0.0000     -1.1774    0.2881934E+00
      0.0000      0.0000     -0.5887    0.5460878E+00
      0.0000      0.0000      0.0000    0.2431947E+00
      0.0000      0.0000      0.5887    0.5460878E+00
      0.0000      0.0000      1.1774    0.2881934E+00
      0.0000      0.0000      1.7661    0.6923504E-01
      0.0000      0.0000      2.3548    0.1640013E-01
      0.0000      0.0000      2.9435    0.3991308E-02
      0.0000      0.0000      3.5322    0.1062118E-02
      0.0000      0.0000      4.1209    0.2758290E-03
      0.0000      0.0000      4.7096    0.7796708E-04
      0.0000      0.0000      5.2983    0.2043162E-04
      0.0000      0.0000      5.8871    0.6066666E-05
      0.0000      0.0000      6.4758    0.1542679E-05
      0.0000      0.0000      7.0645    0.4963280E-06
      0.0000      0.0000      7.6532    0.1163986E-06
      0.0000      0.0000      8.2419    0.4500680E-07
      0.0000      0.0000      8.8306    0.9539218E-08
      0.0000      0.0000      9.4193    0.5716433E-08
      0.0000      0.0000     10.0080    0.1663394E-08
      0.0000      0.0000     10.5967    0.1601851E-08
      0.0000      0.0000     11.1854    0.9353934E-09
      0.0000      0.0000     11.7741    0.9060179E-09
      0.0000      0.0000     12.3628    0.7235096E-09
      0.0000      0.0000     12.9515    0.6691846E-09
      0.0000      0.0000     13.5402    0.5901739E-09
      0.0000      0.0000     14.1289    0.5447789E-09
      0.0000      0.0000     14.7176    0.5009071E-09
      0.0000      0.0000     15.3063    0.4695323E-09
      0.0000      0.0000     15.8950    0.4432960E-09
      0.0000      0.0000     16.4837    0.4237402E-09
      0.0000      0.0000     17.0724    0.4089403E-09
      0.0000      0.0000     17.6611    0.3988138E-09
      0.0000      0.0000     18.2499    0.3928429E-09
      0.0000      0.0000     18.8386    0.3906973E-09
