      0.0000      0.0000    -18.2499    0.3928519E-09
      0.0000      0.0000    -17.6611    0.3988227E-09
      0.0000      0.0000    -17.0724    0.4089498E-09
      0.0000      0.0000    -16.4837    0.4237497E-09
      0.0000      0.0000    -15.8950    0.4433062E-09
      0.0000      0.0000    -15.3063    0.4695429E-09
      0.0000      0.0000    -14.7176    0.5009186E-09
      0.0000      0.0000    -14.1289    0.5447913E-09
      0.0000      0.0000    -13.5402    0.5901874E-09
      0.0000      0.0000    -12.9515    0.6691999E-09
      0.0000      0.0000    -12.3628    0.7235262E-09
      0.0000      0.0000    -11.7741    0.9060384E-09
      0.0000      0.0000    -11.1854    0.9354149E-09
      0.0000      0.0000    -10.5967    0.1601880E-08
      0.0000      0.0000    -10.0080    0.1663415E-08
      0.0000      0.0000     -9.4193    0.5716437E-08
      0.0000      0.0000     -8.8306    0.9539087E-08
      0.0000      0.0000     -8.2419    0.4500612E-07
      0.0000      0.0000     -7.6532    0.1163959E-06
      0.0000      0.0000     -7.0645    0.4963172E-06
      0.0000      0.0000     -6.4758    0.1542640E-05
      0.0000      0.0000     -5.8871    0.6066522E-05
      0.0000      0.0000     -5.2983    0.2043112E-04
      0.0000      0.0000     -4.7096    0.7796533E-04
      0.0000      0.0000     -4.1209    0.2758231E-03
      0.0000      0.0000     -3.5322    0.1062099E-02
      0.0000      0.0000     -2.9435    0.3991251E-02
      0.0000      0.0000     -2.3548    0.1639998E-01
      0.0000      0.0000     -1.7661    0.6923476E-01
      0.0000      0.0000     -1.1774    0.2881941E+00
      0.0000      0.0000     -0.5887    0.5460913E+00
      0.0000      0.0000      0.0000    0.2431954E+00
      0.0000      0.0000      0.5887    0.5460913E+00
      0.0000      0.0000      1.1774    0.2881941E+00
      0.0000      0.0000      1.7661    0.6923476E-01
      0.0000      0.0000      2.3548    0.1639998E-01
      0.0000      0.0000      2.9435    0.3991251E-02
      0.0000      0.0000      3.5322    0.1062099E-02
      0.0000      0.0000      4.1209    0.2758231E-03
      0.0000      0.0000      4.7096    0.7796533E-04
      0.0000      0.0000      5.2983    0.2043112E-04
      0.0000      0.0000      5.8871    0.6066522E-05
      0.0000      0.0000      6.4758    0.1542640E-05
      0.0000      0.0000      7.0645    0.4963172E-06
      0.0000      0.0000      7.6532    0.1163959E-06
      0.0000      0.0000      8.2419    0.4500612E-07
      0.0000      0.0000      8.8306    0.9539087E-08
      0.0000      0.0000      9.4193    0.5716437E-08
      0.0000      0.0000     10.0080    0.1663415E-08
      0.0000      0.0000     10.5967    0.1601880E-08
      0.0000      0.0000     11.1854    0.9354149E-09
      0.0000      0.0000     11.7741    0.9060384E-09
      0.0000      0.0000     12.3628    0.7235262E-09
      0.0000      0.0000     12.9515    0.6691999E-09
      0.0000      0.0000     13.5402    0.5901874E-09
      0.0000      0.0000     14.1289    0.5447913E-09
      0.0000      0.0000     14.7176    0.5009186E-09
      0.0000      0.0000     15.3063    0.4695429E-09
      0.0000      0.0000     15.8950    0.4433062E-09
      0.0000      0.0000     16.4837    0.4237497E-09
      0.0000      0.0000     17.0724    0.4089498E-09
      0.0000      0.0000     17.6611    0.3988227E-09
      0.0000      0.0000     18.2499    0.3928519E-09
      0.0000      0.0000     18.8386    0.3907061E-09
    -18.2499      0.0000      0.0000    0.7250200E-10
    -17.6611      0.0000      0.0000    0.7464238E-10
    -17.0724      0.0000      0.0000    0.7780583E-10
    -16.4837      0.0000      0.0000    0.8165507E-10
    -15.8950      0.0000      0.0000    0.8706601E-10
    -15.3063      0.0000      0.0000    0.9290057E-10
    -14.7176      0.0000      0.0000    0.1020549E-09
    -14.1289      0.0000      0.0000    0.1098028E-09
    -13.5402      0.0000      0.0000    0.1267485E-09
    -12.9515      0.0000      0.0000    0.1339466E-09
    -12.3628      0.0000      0.0000    0.1721305E-09
    -11.7741      0.0000      0.0000    0.1678073E-09
    -11.1854      0.0000      0.0000    0.2852173E-09
    -10.5967      0.0000      0.0000    0.2616863E-09
    -10.0080      0.0000      0.0000    0.8300965E-09
     -9.4193      0.0000      0.0000    0.1365880E-08
     -8.8306      0.0000      0.0000    0.6060629E-08
     -8.2419      0.0000      0.0000    0.1838110E-07
     -7.6532      0.0000      0.0000    0.7421112E-07
     -7.0645      0.0000      0.0000    0.2721258E-06
     -6.4758      0.0000      0.0000    0.1041278E-05
     -5.8871      0.0000      0.0000    0.3994273E-05
     -5.2983      0.0000      0.0000    0.1510822E-04
     -4.7096      0.0000      0.0000    0.5867055E-04
     -4.1209      0.0000      0.0000    0.2228677E-03
     -3.5322      0.0000      0.0000    0.8744188E-03
     -2.9435      0.0000      0.0000    0.3363152E-02
     -2.3548      0.0000      0.0000    0.1337514E-01
     -1.7661      0.0000      0.0000    0.5147168E-01
     -1.1774      0.0000      0.0000    0.1974676E+00
     -0.5887      0.0000      0.0000    0.4707302E+00
      0.0000      0.0000      0.0000    0.2431947E+00
      0.5887      0.0000      0.0000    0.4364544E+00
      1.1774      0.0000      0.0000    0.4303590E+00
      1.7661      0.0000      0.0000    0.1175885E+00
      2.3548      0.0000      0.0000    0.2446260E-01
      2.9435      0.0000      0.0000    0.5406237E-02
      3.5322      0.0000      0.0000    0.1238860E-02
      4.1209      0.0000      0.0000    0.2932723E-03
      4.7096      0.0000      0.0000    0.7156355E-04
      5.2983      0.0000      0.0000    0.1733978E-04
      5.8871      0.0000      0.0000    0.4443853E-05
      6.4758      0.0000      0.0000    0.1058887E-05
      7.0645      0.0000      0.0000    0.2939017E-06
      7.6532      0.0000      0.0000    0.6348158E-07
      8.2419      0.0000      0.0000    0.2160988E-07
      8.8306      0.0000      0.0000    0.3356344E-08
      9.4193      0.0000      0.0000    0.2076419E-08
     10.0080      0.0000      0.0000    0.1601394E-09
     10.5967      0.0000      0.0000    0.3760808E-09
     11.1854      0.0000      0.0000    0.8285933E-10
     11.7741      0.0000      0.0000    0.1560775E-09
     12.3628      0.0000      0.0000    0.9267684E-10
     12.9515      0.0000      0.0000    0.1058119E-09
     13.5402      0.0000      0.0000    0.8722774E-10
     14.1289      0.0000      0.0000    0.8669481E-10
     14.7176      0.0000      0.0000    0.7942721E-10
     15.3063      0.0000      0.0000    0.7705670E-10
     15.8950      0.0000      0.0000    0.7367089E-10
     16.4837      0.0000      0.0000    0.7200148E-10
     17.0724      0.0000      0.0000    0.7059940E-10
     17.6611      0.0000      0.0000    0.7008723E-10
     18.2499      0.0000      0.0000    0.7017069E-10
     18.8386      0.0000      0.0000    0.7085360E-10
