      0.0000      0.0000    -18.2499    0.3999997E-09
      0.0000      0.0000    -17.6611    0.3966129E-09
      0.0000      0.0000    -17.0724    0.4173652E-09
      0.0000      0.0000    -16.4837    0.4200246E-09
      0.0000      0.0000    -15.8950    0.4545721E-09
      0.0000      0.0000    -15.3063    0.4629002E-09
      0.0000      0.0000    -14.7176    0.5173914E-09
      0.0000      0.0000    -14.1289    0.5330912E-09
      0.0000      0.0000    -13.5402    0.6156774E-09
      0.0000      0.0000    -12.9515    0.6488327E-09
      0.0000      0.0000    -12.3628    0.7641993E-09
      0.0000      0.0000    -11.7741    0.8694535E-09
      0.0000      0.0000    -11.1854    0.9986894E-09
      0.0000      0.0000    -10.5967    0.1522979E-08
      0.0000      0.0000    -10.0080    0.1729537E-08
      0.0000      0.0000     -9.4193    0.5436258E-08
      0.0000      0.0000     -8.8306    0.9264948E-08
      0.0000      0.0000     -8.2419    0.4326529E-07
      0.0000      0.0000     -7.6532    0.1124093E-06
      0.0000      0.0000     -7.0645    0.4825198E-06
      0.0000      0.0000     -6.4758    0.1505073E-05
      0.0000      0.0000     -5.8871    0.5951659E-05
      0.0000      0.0000     -5.2983    0.2010673E-04
      0.0000      0.0000     -4.7096    0.7701667E-04
      0.0000      0.0000     -4.1209    0.2731481E-03
      0.0000      0.0000     -3.5322    0.1054586E-02
      0.0000      0.0000     -2.9435    0.3971025E-02
      0.0000      0.0000     -2.3548    0.1635118E-01
      0.0000      0.0000     -1.7661    0.6915854E-01
      0.0000      0.0000     -1.1774    0.2884424E+00
      0.0000      0.0000     -0.5887    0.5471988E+00
      0.0000      0.0000      0.0000    0.2433881E+00
      0.0000      0.0000      0.5887    0.5471988E+00
      0.0000      0.0000      1.1774    0.2884424E+00
      0.0000      0.0000      1.7661    0.6915854E-01
      0.0000      0.0000      2.3548    0.1635118E-01
      0.0000      0.0000      2.9435    0.3971025E-02
      0.0000      0.0000      3.5322    0.1054586E-02
      0.0000      0.0000      4.1209    0.2731481E-03
      0.0000      0.0000      4.7096    0.7701667E-04
      0.0000      0.0000      5.2983    0.2010673E-04
      0.0000      0.0000      5.8871    0.5951659E-05
      0.0000      0.0000      6.4758    0.1505073E-05
      0.0000      0.0000      7.0645    0.4825198E-06
      0.0000      0.0000      7.6532    0.1124093E-06
      0.0000      0.0000      8.2419    0.4326529E-07
      0.0000      0.0000      8.8306    0.9264948E-08
      0.0000      0.0000      9.4193    0.5436258E-08
      0.0000      0.0000     10.0080    0.1729537E-08
      0.0000      0.0000     10.5967    0.1522979E-08
      0.0000      0.0000     11.1854    0.9986894E-09
      0.0000      0.0000     11.7741    0.8694535E-09
      0.0000      0.0000     12.3628    0.7641993E-09
      0.0000      0.0000     12.9515    0.6488327E-09
      0.0000      0.0000     13.5402    0.6156774E-09
      0.0000      0.0000     14.1289    0.5330912E-09
      0.0000      0.0000     14.7176    0.5173914E-09
      0.0000      0.0000     15.3063    0.4629002E-09
      0.0000      0.0000     15.8950    0.4545721E-09
      0.0000      0.0000     16.4837    0.4200246E-09
      0.0000      0.0000     17.0724    0.4173652E-09
      0.0000      0.0000     17.6611    0.3966129E-09
      0.0000      0.0000     18.2499    0.3999997E-09
      0.0000      0.0000     18.8386    0.3889695E-09
    -18.2499      0.0000      0.0000    0.7250195E-10
    -17.6611      0.0000      0.0000    0.7464250E-10
    -17.0724      0.0000      0.0000    0.7780574E-10
    -16.4837      0.0000      0.0000    0.8165524E-10
    -15.8950      0.0000      0.0000    0.8706586E-10
    -15.3063      0.0000      0.0000    0.9290082E-10
    -14.7176      0.0000      0.0000    0.1020547E-09
    -14.1289      0.0000      0.0000    0.1098032E-09
    -13.5402      0.0000      0.0000    0.1267481E-09
    -12.9515      0.0000      0.0000    0.1339471E-09
    -12.3628      0.0000      0.0000    0.1721296E-09
    -11.7741      0.0000      0.0000    0.1678077E-09
    -11.1854      0.0000      0.0000    0.2852151E-09
    -10.5967      0.0000      0.0000    0.2616850E-09
    -10.0080      0.0000      0.0000    0.8300878E-09
     -9.4193      0.0000      0.0000    0.1365866E-08
     -8.8306      0.0000      0.0000    0.6060584E-08
     -8.2419      0.0000      0.0000    0.1838099E-07
     -7.6532      0.0000      0.0000    0.7421085E-07
     -7.0645      0.0000      0.0000    0.2721251E-06
     -6.4758      0.0000      0.0000    0.1041276E-05
     -5.8871      0.0000      0.0000    0.3994269E-05
     -5.2983      0.0000      0.0000    0.1510821E-04
     -4.7096      0.0000      0.0000    0.5867051E-04
     -4.1209      0.0000      0.0000    0.2228676E-03
     -3.5322      0.0000      0.0000    0.8744186E-03
     -2.9435      0.0000      0.0000    0.3363151E-02
     -2.3548      0.0000      0.0000    0.1337514E-01
     -1.7661      0.0000      0.0000    0.5147167E-01
     -1.1774      0.0000      0.0000    0.1974676E+00
     -0.5887      0.0000      0.0000    0.4707302E+00
      0.0000      0.0000      0.0000    0.2431947E+00
      0.5887      0.0000      0.0000    0.4364544E+00
      1.1774      0.0000      0.0000    0.4303590E+00
      1.7661      0.0000      0.0000    0.1175885E+00
      2.3548      0.0000      0.0000    0.2446259E-01
      2.9435      0.0000      0.0000    0.5406236E-02
      3.5322      0.0000      0.0000    0.1238860E-02
      4.1209      0.0000      0.0000    0.2932722E-03
      4.7096      0.0000      0.0000    0.7156352E-04
      5.2983      0.0000      0.0000    0.1733978E-04
      5.8871      0.0000      0.0000    0.4443850E-05
      6.4758      0.0000      0.0000    0.1058886E-05
      7.0645      0.0000      0.0000    0.2939014E-06
      7.6532      0.0000      0.0000    0.6348147E-07
      8.2419      0.0000      0.0000    0.2160983E-07
      8.8306      0.0000      0.0000    0.3356330E-08
      9.4193      0.0000      0.0000    0.2076411E-08
     10.0080      0.0000      0.0000    0.1601382E-09
     10.5967      0.0000      0.0000    0.3760789E-09
     11.1854      0.0000      0.0000    0.8285962E-10
     11.7741      0.0000      0.0000    0.1560770E-09
     12.3628      0.0000      0.0000    0.9267714E-10
     12.9515      0.0000      0.0000    0.1058117E-09
     13.5402      0.0000      0.0000    0.8722791E-10
     14.1289      0.0000      0.0000    0.8669474E-10
     14.7176      0.0000      0.0000    0.7942729E-10
     15.3063      0.0000      0.0000    0.7705669E-10
     15.8950      0.0000      0.0000    0.7367093E-10
     16.4837      0.0000      0.0000    0.7200151E-10
     17.0724      0.0000      0.0000    0.7059940E-10
     17.6611      0.0000      0.0000    0.7008729E-10
     18.2499      0.0000      0.0000    0.7017067E-10
     18.8386      0.0000      0.0000    0.7085368E-10
