      0.0000      0.0000    -18.2499    0.3928397E-09
      0.0000      0.0000    -17.6611    0.3988103E-09
      0.0000      0.0000    -17.0724    0.4089370E-09
      0.0000      0.0000    -16.4837    0.4237366E-09
      0.0000      0.0000    -15.8950    0.4432924E-09
      0.0000      0.0000    -15.3063    0.4695283E-09
      0.0000      0.0000    -14.7176    0.5009030E-09
      0.0000      0.0000    -14.1289    0.5447744E-09
      0.0000      0.0000    -13.5402    0.5901690E-09
      0.0000      0.0000    -12.9515    0.6691795E-09
      0.0000      0.0000    -12.3628    0.7235035E-09
      0.0000      0.0000    -11.7741    0.9060130E-09
      0.0000      0.0000    -11.1854    0.9353867E-09
      0.0000      0.0000    -10.5967    0.1601852E-08
      0.0000      0.0000    -10.0080    0.1663397E-08
      0.0000      0.0000     -9.4193    0.5716483E-08
      0.0000      0.0000     -8.8306    0.9539344E-08
      0.0000      0.0000     -8.2419    0.4500729E-07
      0.0000      0.0000     -7.6532    0.1164000E-06
      0.0000      0.0000     -7.0645    0.4963331E-06
      0.0000      0.0000     -6.4758    0.1542696E-05
      0.0000      0.0000     -5.8871    0.6066723E-05
      0.0000      0.0000     -5.2983    0.2043181E-04
      0.0000      0.0000     -4.7096    0.7796773E-04
      0.0000      0.0000     -4.1209    0.2758311E-03
      0.0000      0.0000     -3.5322    0.1062124E-02
      0.0000      0.0000     -2.9435    0.3991329E-02
      0.0000      0.0000     -2.3548    0.1640019E-01
      0.0000      0.0000     -1.7661    0.6923513E-01
      0.0000      0.0000     -1.1774    0.2881931E+00
      0.0000      0.0000     -0.5887    0.5460866E+00
      0.0000      0.0000      0.0000    0.2431945E+00
      0.0000      0.0000      0.5887    0.5460866E+00
      0.0000      0.0000      1.1774    0.2881931E+00
      0.0000      0.0000      1.7661    0.6923513E-01
      0.0000      0.0000      2.3548    0.1640019E-01
      0.0000      0.0000      2.9435    0.3991329E-02
      0.0000      0.0000      3.5322    0.1062124E-02
      0.0000      0.0000      4.1209    0.2758311E-03
      0.0000      0.0000      4.7096    0.7796773E-04
      0.0000      0.0000      5.2983    0.2043181E-04
      0.0000      0.0000      5.8871    0.6066723E-05
      0.0000      0.0000      6.4758    0.1542696E-05
      0.0000      0.0000      7.0645    0.4963331E-06
      0.0000      0.0000      7.6532    0.1164000E-06
      0.0000      0.0000      8.2419    0.4500729E-07
      0.0000      0.0000      8.8306    0.9539344E-08
      0.0000      0.0000      9.4193    0.5716483E-08
      0.0000      0.0000     10.0080    0.1663397E-08
      0.0000      0.0000     10.5967    0.1601852E-08
      0.0000      0.0000     11.1854    0.9353867E-09
      0.0000      0.0000     11.7741    0.9060130E-09
      0.0000      0.0000     12.3628    0.7235035E-09
      0.0000      0.0000     12.9515    0.6691795E-09
      0.0000      0.0000     13.5402    0.5901690E-09
      0.0000      0.0000     14.1289    0.5447744E-09
      0.0000      0.0000     14.7176    0.5009030E-09
      0.0000      0.0000     15.3063    0.4695283E-09
      0.0000      0.0000     15.8950    0.4432924E-09
      0.0000      0.0000     16.4837    0.4237366E-09
      0.0000      0.0000     17.0724    0.4089370E-09
      0.0000      0.0000     17.6611    0.3988103E-09
      0.0000      0.0000     18.2499    0.3928397E-09
      0.0000      0.0000     18.8386    0.3906939E-09
