      0.0000      0.0000    -18.2499    0.3928418E-09
      0.0000      0.0000    -17.6611    0.3988104E-09
      0.0000      0.0000    -17.0724    0.4089396E-09
      0.0000      0.0000    -16.4837    0.4237357E-09
      0.0000      0.0000    -15.8950    0.4432965E-09
      0.0000      0.0000    -15.3063    0.4695251E-09
      0.0000      0.0000    -14.7176    0.5009105E-09
      0.0000      0.0000    -14.1289    0.5447646E-09
      0.0000      0.0000    -13.5402    0.5901832E-09
      0.0000      0.0000    -12.9515    0.6691503E-09
      0.0000      0.0000    -12.3628    0.7235251E-09
      0.0000      0.0000    -11.7741    0.9059183E-09
      0.0000      0.0000    -11.1854    0.9353803E-09
      0.0000      0.0000    -10.5967    0.1601497E-08
      0.0000      0.0000    -10.0080    0.1663082E-08
      0.0000      0.0000     -9.4193    0.5714950E-08
      0.0000      0.0000     -8.8306    0.9537022E-08
      0.0000      0.0000     -8.2419    0.4500006E-07
      0.0000      0.0000     -7.6532    0.1163865E-06
      0.0000      0.0000     -7.0645    0.4962977E-06
      0.0000      0.0000     -6.4758    0.1542623E-05
      0.0000      0.0000     -5.8871    0.6066549E-05
      0.0000      0.0000     -5.2983    0.2043144E-04
      0.0000      0.0000     -4.7096    0.7796687E-04
      0.0000      0.0000     -4.1209    0.2758292E-03
      0.0000      0.0000     -3.5322    0.1062120E-02
      0.0000      0.0000     -2.9435    0.3991320E-02
      0.0000      0.0000     -2.3548    0.1640017E-01
      0.0000      0.0000     -1.7661    0.6923512E-01
      0.0000      0.0000     -1.1774    0.2881933E+00
      0.0000      0.0000     -0.5887    0.5460872E+00
      0.0000      0.0000      0.0000    0.2431948E+00
      0.0000      0.0000      0.5887    0.5460872E+00
      0.0000      0.0000      1.1774    0.2881933E+00
      0.0000      0.0000      1.7661    0.6923512E-01
      0.0000      0.0000      2.3548    0.1640017E-01
      0.0000      0.0000      2.9435    0.3991320E-02
      0.0000      0.0000      3.5322    0.1062120E-02
      0.0000      0.0000      4.1209    0.2758292E-03
      0.0000      0.0000      4.7096    0.7796687E-04
      0.0000      0.0000      5.2983    0.2043144E-04
      0.0000      0.0000      5.8871    0.6066549E-05
      0.0000      0.0000      6.4758    0.1542623E-05
      0.0000      0.0000      7.0645    0.4962977E-06
      0.0000      0.0000      7.6532    0.1163865E-06
      0.0000      0.0000      8.2419    0.4500006E-07
      0.0000      0.0000      8.8306    0.9537022E-08
      0.0000      0.0000      9.4193    0.5714950E-08
      0.0000      0.0000     10.0080    0.1663082E-08
      0.0000      0.0000     10.5967    0.1601497E-08
      0.0000      0.0000     11.1854    0.9353803E-09
      0.0000      0.0000     11.7741    0.9059183E-09
      0.0000      0.0000     12.3628    0.7235251E-09
      0.0000      0.0000     12.9515    0.6691503E-09
      0.0000      0.0000     13.5402    0.5901832E-09
      0.0000      0.0000     14.1289    0.5447646E-09
      0.0000      0.0000     14.7176    0.5009105E-09
      0.0000      0.0000     15.3063    0.4695251E-09
      0.0000      0.0000     15.8950    0.4432965E-09
      0.0000      0.0000     16.4837    0.4237357E-09
      0.0000      0.0000     17.0724    0.4089396E-09
      0.0000      0.0000     17.6611    0.3988104E-09
      0.0000      0.0000     18.2499    0.3928418E-09
      0.0000      0.0000     18.8386    0.3906941E-09
