      0.0000      0.0000    -18.2499    0.3928452E-09
      0.0000      0.0000    -17.6611    0.3988133E-09
      0.0000      0.0000    -17.0724    0.4089430E-09
      0.0000      0.0000    -16.4837    0.4237393E-09
      0.0000      0.0000    -15.8950    0.4432995E-09
      0.0000      0.0000    -15.3063    0.4695306E-09
      0.0000      0.0000    -14.7176    0.5009119E-09
      0.0000      0.0000    -14.1289    0.5447755E-09
      0.0000      0.0000    -13.5402    0.5901811E-09
      0.0000      0.0000    -12.9515    0.6691777E-09
      0.0000      0.0000    -12.3628    0.7235198E-09
      0.0000      0.0000    -11.7741    0.9060019E-09
      0.0000      0.0000    -11.1854    0.9354030E-09
      0.0000      0.0000    -10.5967    0.1601804E-08
      0.0000      0.0000    -10.0080    0.1663369E-08
      0.0000      0.0000     -9.4193    0.5716245E-08
      0.0000      0.0000     -8.8306    0.9538938E-08
      0.0000      0.0000     -8.2419    0.4500588E-07
      0.0000      0.0000     -7.6532    0.1163967E-06
      0.0000      0.0000     -7.0645    0.4963228E-06
      0.0000      0.0000     -6.4758    0.1542667E-05
      0.0000      0.0000     -5.8871    0.6066632E-05
      0.0000      0.0000     -5.2983    0.2043153E-04
      0.0000      0.0000     -4.7096    0.7796682E-04
      0.0000      0.0000     -4.1209    0.2758282E-03
      0.0000      0.0000     -3.5322    0.1062115E-02
      0.0000      0.0000     -2.9435    0.3991302E-02
      0.0000      0.0000     -2.3548    0.1640012E-01
      0.0000      0.0000     -1.7661    0.6923501E-01
      0.0000      0.0000     -1.1774    0.2881935E+00
      0.0000      0.0000     -0.5887    0.5460882E+00
      0.0000      0.0000      0.0000    0.2431948E+00
      0.0000      0.0000      0.5887    0.5460882E+00
      0.0000      0.0000      1.1774    0.2881935E+00
      0.0000      0.0000      1.7661    0.6923501E-01
      0.0000      0.0000      2.3548    0.1640012E-01
      0.0000      0.0000      2.9435    0.3991302E-02
      0.0000      0.0000      3.5322    0.1062115E-02
      0.0000      0.0000      4.1209    0.2758282E-03
      0.0000      0.0000      4.7096    0.7796682E-04
      0.0000      0.0000      5.2983    0.2043153E-04
      0.0000      0.0000      5.8871    0.6066632E-05
      0.0000      0.0000      6.4758    0.1542667E-05
      0.0000      0.0000      7.0645    0.4963228E-06
      0.0000      0.0000      7.6532    0.1163967E-06
      0.0000      0.0000      8.2419    0.4500588E-07
      0.0000      0.0000      8.8306    0.9538938E-08
      0.0000      0.0000      9.4193    0.5716245E-08
      0.0000      0.0000     10.0080    0.1663369E-08
      0.0000      0.0000     10.5967    0.1601804E-08
      0.0000      0.0000     11.1854    0.9354030E-09
      0.0000      0.0000     11.7741    0.9060019E-09
      0.0000      0.0000     12.3628    0.7235198E-09
      0.0000      0.0000     12.9515    0.6691777E-09
      0.0000      0.0000     13.5402    0.5901811E-09
      0.0000      0.0000     14.1289    0.5447755E-09
      0.0000      0.0000     14.7176    0.5009119E-09
      0.0000      0.0000     15.3063    0.4695306E-09
      0.0000      0.0000     15.8950    0.4432995E-09
      0.0000      0.0000     16.4837    0.4237393E-09
      0.0000      0.0000     17.0724    0.4089430E-09
      0.0000      0.0000     17.6611    0.3988133E-09
      0.0000      0.0000     18.2499    0.3928452E-09
      0.0000      0.0000     18.8386    0.3906969E-09
