    -18.2499      0.0000      0.0000    0.7246190E-10
    -17.6611      0.0000      0.0000    0.7460122E-10
    -17.0724      0.0000      0.0000    0.7776290E-10
    -16.4837      0.0000      0.0000    0.8161022E-10
    -15.8950      0.0000      0.0000    0.8701806E-10
    -15.3063      0.0000      0.0000    0.9284981E-10
    -14.7176      0.0000      0.0000    0.1019988E-09
    -14.1289      0.0000      0.0000    0.1097431E-09
    -13.5402      0.0000      0.0000    0.1266790E-09
    -12.9515      0.0000      0.0000    0.1338741E-09
    -12.3628      0.0000      0.0000    0.1720378E-09
    -11.7741      0.0000      0.0000    0.1677179E-09
    -11.1854      0.0000      0.0000    0.2850808E-09
    -10.5967      0.0000      0.0000    0.2615956E-09
    -10.0080      0.0000      0.0000    0.8299220E-09
     -9.4193      0.0000      0.0000    0.1366178E-08
     -8.8306      0.0000      0.0000    0.6061694E-08
     -8.2419      0.0000      0.0000    0.1838867E-07
     -7.6532      0.0000      0.0000    0.7423924E-07
     -7.0645      0.0000      0.0000    0.2722517E-06
     -6.4758      0.0000      0.0000    0.1041751E-05
     -5.8871      0.0000      0.0000    0.3996162E-05
     -5.2983      0.0000      0.0000    0.1511517E-04
     -4.7096      0.0000      0.0000    0.5869628E-04
     -4.1209      0.0000      0.0000    0.2229579E-03
     -3.5322      0.0000      0.0000    0.8747264E-03
     -2.9435      0.0000      0.0000    0.3364126E-02
     -2.3548      0.0000      0.0000    0.1337786E-01
     -1.7661      0.0000      0.0000    0.5147724E-01
     -1.1774      0.0000      0.0000    0.1974642E+00
     -0.5887      0.0000      0.0000    0.4706731E+00
      0.0000      0.0000      0.0000    0.2431800E+00
      0.5887      0.0000      0.0000    0.4364034E+00
      1.1774      0.0000      0.0000    0.4303180E+00
      1.7661      0.0000      0.0000    0.1175918E+00
      2.3548      0.0000      0.0000    0.2446679E-01
      2.9435      0.0000      0.0000    0.5407851E-02
      3.5322      0.0000      0.0000    0.1239370E-02
      4.1209      0.0000      0.0000    0.2934217E-03
      4.7096      0.0000      0.0000    0.7160518E-04
      5.2983      0.0000      0.0000    0.1735109E-04
      5.8871      0.0000      0.0000    0.4446855E-05
      6.4758      0.0000      0.0000    0.1059671E-05
      7.0645      0.0000      0.0000    0.2941054E-06
      7.6532      0.0000      0.0000    0.6353299E-07
      8.2419      0.0000      0.0000    0.2162321E-07
      8.8306      0.0000      0.0000    0.3359496E-08
      9.4193      0.0000      0.0000    0.2077201E-08
     10.0080      0.0000      0.0000    0.1602445E-09
     10.5967      0.0000      0.0000    0.3760570E-09
     11.1854      0.0000      0.0000    0.8279644E-10
     11.7741      0.0000      0.0000    0.1560148E-09
     12.3628      0.0000      0.0000    0.9261719E-10
     12.9515      0.0000      0.0000    0.1057568E-09
     13.5402      0.0000      0.0000    0.8717684E-10
     14.1289      0.0000      0.0000    0.8664705E-10
     14.7176      0.0000      0.0000    0.7938231E-10
     15.3063      0.0000      0.0000    0.7701378E-10
     15.8950      0.0000      0.0000    0.7362970E-10
     16.4837      0.0000      0.0000    0.7196139E-10
     17.0724      0.0000      0.0000    0.7056011E-10
     17.6611      0.0000      0.0000    0.7004831E-10
     18.2499      0.0000      0.0000    0.7013178E-10
     18.8386      0.0000      0.0000    0.7081439E-10
