    -18.2499      0.0000      0.0000    0.6144018E-10
    -17.6611      0.0000      0.0000    0.6047362E-10
    -17.0724      0.0000      0.0000    0.6691774E-10
    -16.4837      0.0000      0.0000    0.6333506E-10
    -15.8950      0.0000      0.0000    0.7690863E-10
    -15.3063      0.0000      0.0000    0.6822252E-10
    -14.7176      0.0000      0.0000    0.9453738E-10
    -14.1289      0.0000      0.0000    0.7569740E-10
    -13.5402      0.0000      0.0000    0.1270544E-09
    -12.9515      0.0000      0.0000    0.8848184E-10
    -12.3628      0.0000      0.0000    0.1950264E-09
    -11.7741      0.0000      0.0000    0.1216636E-09
    -11.1854      0.0000      0.0000    0.3779462E-09
    -10.5967      0.0000      0.0000    0.2866335E-09
    -10.0080      0.0000      0.0000    0.1133120E-08
     -9.4193      0.0000      0.0000    0.1656590E-08
     -8.8306      0.0000      0.0000    0.6408100E-08
     -8.2419      0.0000      0.0000    0.1694721E-07
     -7.6532      0.0000      0.0000    0.6276703E-07
     -7.0645      0.0000      0.0000    0.2205950E-06
     -6.4758      0.0000      0.0000    0.8294147E-06
     -5.8871      0.0000      0.0000    0.3235452E-05
     -5.2983      0.0000      0.0000    0.1252070E-04
     -4.7096      0.0000      0.0000    0.5068590E-04
     -4.1209      0.0000      0.0000    0.2007265E-03
     -3.5322      0.0000      0.0000    0.8248450E-03
     -2.9435      0.0000      0.0000    0.3302892E-02
     -2.3548      0.0000      0.0000    0.1352165E-01
     -1.7661      0.0000      0.0000    0.5266844E-01
     -1.1774      0.0000      0.0000    0.1991498E+00
     -0.5887      0.0000      0.0000    0.4613269E+00
      0.0000      0.0000      0.0000    0.2353479E+00
      0.5887      0.0000      0.0000    0.4492830E+00
      1.1774      0.0000      0.0000    0.4374027E+00
      1.7661      0.0000      0.0000    0.1175479E+00
      2.3548      0.0000      0.0000    0.2386819E-01
      2.9435      0.0000      0.0000    0.5086242E-02
      3.5322      0.0000      0.0000    0.1116813E-02
      4.1209      0.0000      0.0000    0.2514542E-03
      4.7096      0.0000      0.0000    0.5851682E-04
      5.2983      0.0000      0.0000    0.1342031E-04
      5.8871      0.0000      0.0000    0.3325917E-05
      6.4758      0.0000      0.0000    0.7520252E-06
      7.0645      0.0000      0.0000    0.2129722E-06
      7.6532      0.0000      0.0000    0.4411273E-07
      8.2419      0.0000      0.0000    0.1745667E-07
      8.8306      0.0000      0.0000    0.2691309E-08
      9.4193      0.0000      0.0000    0.2283526E-08
     10.0080      0.0000      0.0000    0.1847894E-09
     10.5967      0.0000      0.0000    0.5604881E-09
     11.1854      0.0000      0.0000    0.5173236E-10
     11.7741      0.0000      0.0000    0.2356287E-09
     12.3628      0.0000      0.0000    0.5509628E-10
     12.9515      0.0000      0.0000    0.1374242E-09
     13.5402      0.0000      0.0000    0.5900593E-10
     14.1289      0.0000      0.0000    0.9667194E-10
     14.7176      0.0000      0.0000    0.5945058E-10
     15.3063      0.0000      0.0000    0.7673387E-10
     15.8950      0.0000      0.0000    0.5867214E-10
     16.4837      0.0000      0.0000    0.6641338E-10
     17.0724      0.0000      0.0000    0.5814292E-10
     17.6611      0.0000      0.0000    0.6136003E-10
     18.2499      0.0000      0.0000    0.5879158E-10
     18.8386      0.0000      0.0000    0.5960626E-10
