      0.0000      0.0000    -18.2499    0.9022934E-08
      0.0000      0.0000    -17.6611    0.2416498E-07
      0.0000      0.0000    -17.0724    0.6240445E-07
      0.0000      0.0000    -16.4837    0.1553745E-06
      0.0000      0.0000    -15.8950    0.3729224E-06
      0.0000      0.0000    -15.3063    0.8627120E-06
      0.0000      0.0000    -14.7176    0.1923311E-05
      0.0000      0.0000    -14.1289    0.4131326E-05
      0.0000      0.0000    -13.5402    0.8548665E-05
      0.0000      0.0000    -12.9515    0.1703645E-04
      0.0000      0.0000    -12.3628    0.3269077E-04
      0.0000      0.0000    -11.7741    0.6038345E-04
      0.0000      0.0000    -11.1854    0.1073314E-03
      0.0000      0.0000    -10.5967    0.1835298E-03
      0.0000      0.0000    -10.0080    0.3017848E-03
      0.0000      0.0000     -9.4193    0.4770043E-03
      0.0000      0.0000     -8.8306    0.7244156E-03
      0.0000      0.0000     -8.2419    0.1056533E-02
      0.0000      0.0000     -7.6532    0.1479050E-02
      0.0000      0.0000     -7.0645    0.1986333E-02
      0.0000      0.0000     -6.4758    0.2557752E-02
      0.0000      0.0000     -5.8871    0.3156401E-02
      0.0000      0.0000     -5.2983    0.3731699E-02
      0.0000      0.0000     -4.7096    0.4226560E-02
      0.0000      0.0000     -4.1209    0.4588497E-02
      0.0000      0.0000     -3.5322    0.4782398E-02
      0.0000      0.0000     -2.9435    0.4801426E-02
      0.0000      0.0000     -2.3548    0.4672190E-02
      0.0000      0.0000     -1.7661    0.4451477E-02
      0.0000      0.0000     -1.1774    0.4214151E-02
      0.0000      0.0000     -0.5887    0.4034834E-02
      0.0000      0.0000      0.0000    0.3968352E-02
      0.0000      0.0000      0.5887    0.4034834E-02
      0.0000      0.0000      1.1774    0.4214151E-02
      0.0000      0.0000      1.7661    0.4451477E-02
      0.0000      0.0000      2.3548    0.4672190E-02
      0.0000      0.0000      2.9435    0.4801425E-02
      0.0000      0.0000      3.5322    0.4782398E-02
      0.0000      0.0000      4.1209    0.4588496E-02
      0.0000      0.0000      4.7096    0.4226560E-02
      0.0000      0.0000      5.2983    0.3731699E-02
      0.0000      0.0000      5.8871    0.3156401E-02
      0.0000      0.0000      6.4758    0.2557752E-02
      0.0000      0.0000      7.0645    0.1986333E-02
      0.0000      0.0000      7.6532    0.1479050E-02
      0.0000      0.0000      8.2419    0.1056533E-02
      0.0000      0.0000      8.8306    0.7244155E-03
      0.0000      0.0000      9.4193    0.4770043E-03
      0.0000      0.0000     10.0080    0.3017848E-03
      0.0000      0.0000     10.5967    0.1835298E-03
      0.0000      0.0000     11.1854    0.1073314E-03
      0.0000      0.0000     11.7741    0.6038345E-04
      0.0000      0.0000     12.3628    0.3269077E-04
      0.0000      0.0000     12.9515    0.1703645E-04
      0.0000      0.0000     13.5402    0.8548665E-05
      0.0000      0.0000     14.1289    0.4131326E-05
      0.0000      0.0000     14.7176    0.1923310E-05
      0.0000      0.0000     15.3063    0.8627120E-06
      0.0000      0.0000     15.8950    0.3729224E-06
      0.0000      0.0000     16.4837    0.1553745E-06
      0.0000      0.0000     17.0724    0.6240445E-07
      0.0000      0.0000     17.6611    0.2416498E-07
      0.0000      0.0000     18.2499    0.9022934E-08
      0.0000      0.0000     18.8386    0.3249002E-08
    -18.2499      0.0000      0.0000    0.7251555E-10
    -17.6611      0.0000      0.0000    0.7465632E-10
    -17.0724      0.0000      0.0000    0.7782026E-10
    -16.4837      0.0000      0.0000    0.8167025E-10
    -15.8950      0.0000      0.0000    0.8708201E-10
    -15.3063      0.0000      0.0000    0.9291782E-10
    -14.7176      0.0000      0.0000    0.1020734E-09
    -14.1289      0.0000      0.0000    0.1098233E-09
    -13.5402      0.0000      0.0000    0.1267707E-09
    -12.9515      0.0000      0.0000    0.1339721E-09
    -12.3628      0.0000      0.0000    0.1721581E-09
    -11.7741      0.0000      0.0000    0.1678384E-09
    -11.1854      0.0000      0.0000    0.2852476E-09
    -10.5967      0.0000      0.0000    0.2616984E-09
    -10.0080      0.0000      0.0000    0.8300465E-09
     -9.4193      0.0000      0.0000    0.1365503E-08
     -8.8306      0.0000      0.0000    0.6059260E-08
     -8.2419      0.0000      0.0000    0.1837538E-07
     -7.6532      0.0000      0.0000    0.7419120E-07
     -7.0645      0.0000      0.0000    0.2720492E-06
     -6.4758      0.0000      0.0000    0.1041007E-05
     -5.8871      0.0000      0.0000    0.3993276E-05
     -5.2983      0.0000      0.0000    0.1510474E-04
     -4.7096      0.0000      0.0000    0.5865823E-04
     -4.1209      0.0000      0.0000    0.2228262E-03
     -3.5322      0.0000      0.0000    0.8742824E-03
     -2.9435      0.0000      0.0000    0.3362735E-02
     -2.3548      0.0000      0.0000    0.1337402E-01
     -1.7661      0.0000      0.0000    0.5146950E-01
     -1.1774      0.0000      0.0000    0.1974693E+00
     -0.5887      0.0000      0.0000    0.4707539E+00
      0.0000      0.0000      0.0000    0.2432005E+00
      0.5887      0.0000      0.0000    0.4364708E+00
      1.1774      0.0000      0.0000    0.4303739E+00
      1.7661      0.0000      0.0000    0.1175877E+00
      2.3548      0.0000      0.0000    0.2446125E-01
      2.9435      0.0000      0.0000    0.5405710E-02
      3.5322      0.0000      0.0000    0.1238694E-02
      4.1209      0.0000      0.0000    0.2932237E-03
      4.7096      0.0000      0.0000    0.7155013E-04
      5.2983      0.0000      0.0000    0.1733617E-04
      5.8871      0.0000      0.0000    0.4442910E-05
      6.4758      0.0000      0.0000    0.1058643E-05
      7.0645      0.0000      0.0000    0.2938404E-06
      7.6532      0.0000      0.0000    0.6346602E-07
      8.2419      0.0000      0.0000    0.2160616E-07
      8.8306      0.0000      0.0000    0.3355402E-08
      9.4193      0.0000      0.0000    0.2076246E-08
     10.0080      0.0000      0.0000    0.1601045E-09
     10.5967      0.0000      0.0000    0.3761025E-09
     11.1854      0.0000      0.0000    0.8287867E-10
     11.7741      0.0000      0.0000    0.1561016E-09
     12.3628      0.0000      0.0000    0.9269673E-10
     12.9515      0.0000      0.0000    0.1058314E-09
     13.5402      0.0000      0.0000    0.8724512E-10
     14.1289      0.0000      0.0000    0.8671132E-10
     14.7176      0.0000      0.0000    0.7944260E-10
     15.3063      0.0000      0.0000    0.7707140E-10
     15.8950      0.0000      0.0000    0.7368498E-10
     16.4837      0.0000      0.0000    0.7201515E-10
     17.0724      0.0000      0.0000    0.7061278E-10
     17.6611      0.0000      0.0000    0.7010046E-10
     18.2499      0.0000      0.0000    0.7018390E-10
     18.8386      0.0000      0.0000    0.7086689E-10
