      0.0000      0.0000    -18.2499    0.3936364E-09
      0.0000      0.0000    -17.6611    0.3987174E-09
      0.0000      0.0000    -17.0724    0.4098501E-09
      0.0000      0.0000    -16.4837    0.4235074E-09
      0.0000      0.0000    -15.8950    0.4444668E-09
      0.0000      0.0000    -15.3063    0.4690254E-09
      0.0000      0.0000    -14.7176    0.5025525E-09
      0.0000      0.0000    -14.1289    0.5437602E-09
      0.0000      0.0000    -13.5402    0.5926262E-09
      0.0000      0.0000    -12.9515    0.6671708E-09
      0.0000      0.0000    -12.3628    0.7272069E-09
      0.0000      0.0000    -11.7741    0.9017272E-09
      0.0000      0.0000    -11.1854    0.9402095E-09
      0.0000      0.0000    -10.5967    0.1590420E-08
      0.0000      0.0000    -10.0080    0.1663206E-08
      0.0000      0.0000     -9.4193    0.5673129E-08
      0.0000      0.0000     -8.8306    0.9484177E-08
      0.0000      0.0000     -8.2419    0.4478267E-07
      0.0000      0.0000     -7.6532    0.1159302E-06
      0.0000      0.0000     -7.0645    0.4949095E-06
      0.0000      0.0000     -6.4758    0.1539091E-05
      0.0000      0.0000     -5.8871    0.6056178E-05
      0.0000      0.0000     -5.2983    0.2040208E-04
      0.0000      0.0000     -4.7096    0.7787835E-04
      0.0000      0.0000     -4.1209    0.2755644E-03
      0.0000      0.0000     -3.5322    0.1061322E-02
      0.0000      0.0000     -2.9435    0.3988996E-02
      0.0000      0.0000     -2.3548    0.1639412E-01
      0.0000      0.0000     -1.7661    0.6922471E-01
      0.0000      0.0000     -1.1774    0.2882222E+00
      0.0000      0.0000     -0.5887    0.5462266E+00
      0.0000      0.0000      0.0000    0.2432220E+00
      0.0000      0.0000      0.5887    0.5462266E+00
      0.0000      0.0000      1.1774    0.2882222E+00
      0.0000      0.0000      1.7661    0.6922471E-01
      0.0000      0.0000      2.3548    0.1639412E-01
      0.0000      0.0000      2.9435    0.3988996E-02
      0.0000      0.0000      3.5322    0.1061322E-02
      0.0000      0.0000      4.1209    0.2755644E-03
      0.0000      0.0000      4.7096    0.7787835E-04
      0.0000      0.0000      5.2983    0.2040208E-04
      0.0000      0.0000      5.8871    0.6056178E-05
      0.0000      0.0000      6.4758    0.1539091E-05
      0.0000      0.0000      7.0645    0.4949095E-06
      0.0000      0.0000      7.6532    0.1159302E-06
      0.0000      0.0000      8.2419    0.4478267E-07
      0.0000      0.0000      8.8306    0.9484177E-08
      0.0000      0.0000      9.4193    0.5673129E-08
      0.0000      0.0000     10.0080    0.1663206E-08
      0.0000      0.0000     10.5967    0.1590420E-08
      0.0000      0.0000     11.1854    0.9402095E-09
      0.0000      0.0000     11.7741    0.9017272E-09
      0.0000      0.0000     12.3628    0.7272069E-09
      0.0000      0.0000     12.9515    0.6671708E-09
      0.0000      0.0000     13.5402    0.5926262E-09
      0.0000      0.0000     14.1289    0.5437602E-09
      0.0000      0.0000     14.7176    0.5025525E-09
      0.0000      0.0000     15.3063    0.4690254E-09
      0.0000      0.0000     15.8950    0.4444668E-09
      0.0000      0.0000     16.4837    0.4235074E-09
      0.0000      0.0000     17.0724    0.4098501E-09
      0.0000      0.0000     17.6611    0.3987174E-09
      0.0000      0.0000     18.2499    0.3936364E-09
      0.0000      0.0000     18.8386    0.3906427E-09
    -18.2499      0.0000      0.0000    0.7250200E-10
    -17.6611      0.0000      0.0000    0.7464240E-10
    -17.0724      0.0000      0.0000    0.7780582E-10
    -16.4837      0.0000      0.0000    0.8165509E-10
    -15.8950      0.0000      0.0000    0.8706599E-10
    -15.3063      0.0000      0.0000    0.9290060E-10
    -14.7176      0.0000      0.0000    0.1020549E-09
    -14.1289      0.0000      0.0000    0.1098028E-09
    -13.5402      0.0000      0.0000    0.1267484E-09
    -12.9515      0.0000      0.0000    0.1339467E-09
    -12.3628      0.0000      0.0000    0.1721303E-09
    -11.7741      0.0000      0.0000    0.1678073E-09
    -11.1854      0.0000      0.0000    0.2852170E-09
    -10.5967      0.0000      0.0000    0.2616861E-09
    -10.0080      0.0000      0.0000    0.8300953E-09
     -9.4193      0.0000      0.0000    0.1365878E-08
     -8.8306      0.0000      0.0000    0.6060622E-08
     -8.2419      0.0000      0.0000    0.1838108E-07
     -7.6532      0.0000      0.0000    0.7421108E-07
     -7.0645      0.0000      0.0000    0.2721257E-06
     -6.4758      0.0000      0.0000    0.1041277E-05
     -5.8871      0.0000      0.0000    0.3994273E-05
     -5.2983      0.0000      0.0000    0.1510822E-04
     -4.7096      0.0000      0.0000    0.5867054E-04
     -4.1209      0.0000      0.0000    0.2228677E-03
     -3.5322      0.0000      0.0000    0.8744188E-03
     -2.9435      0.0000      0.0000    0.3363152E-02
     -2.3548      0.0000      0.0000    0.1337514E-01
     -1.7661      0.0000      0.0000    0.5147168E-01
     -1.1774      0.0000      0.0000    0.1974676E+00
     -0.5887      0.0000      0.0000    0.4707302E+00
      0.0000      0.0000      0.0000    0.2431947E+00
      0.5887      0.0000      0.0000    0.4364544E+00
      1.1774      0.0000      0.0000    0.4303590E+00
      1.7661      0.0000      0.0000    0.1175885E+00
      2.3548      0.0000      0.0000    0.2446260E-01
      2.9435      0.0000      0.0000    0.5406237E-02
      3.5322      0.0000      0.0000    0.1238860E-02
      4.1209      0.0000      0.0000    0.2932723E-03
      4.7096      0.0000      0.0000    0.7156354E-04
      5.2983      0.0000      0.0000    0.1733978E-04
      5.8871      0.0000      0.0000    0.4443852E-05
      6.4758      0.0000      0.0000    0.1058887E-05
      7.0645      0.0000      0.0000    0.2939017E-06
      7.6532      0.0000      0.0000    0.6348156E-07
      8.2419      0.0000      0.0000    0.2160987E-07
      8.8306      0.0000      0.0000    0.3356342E-08
      9.4193      0.0000      0.0000    0.2076417E-08
     10.0080      0.0000      0.0000    0.1601392E-09
     10.5967      0.0000      0.0000    0.3760804E-09
     11.1854      0.0000      0.0000    0.8285938E-10
     11.7741      0.0000      0.0000    0.1560774E-09
     12.3628      0.0000      0.0000    0.9267690E-10
     12.9515      0.0000      0.0000    0.1058119E-09
     13.5402      0.0000      0.0000    0.8722777E-10
     14.1289      0.0000      0.0000    0.8669479E-10
     14.7176      0.0000      0.0000    0.7942723E-10
     15.3063      0.0000      0.0000    0.7705669E-10
     15.8950      0.0000      0.0000    0.7367090E-10
     16.4837      0.0000      0.0000    0.7200148E-10
     17.0724      0.0000      0.0000    0.7059940E-10
     17.6611      0.0000      0.0000    0.7008724E-10
     18.2499      0.0000      0.0000    0.7017069E-10
     18.8386      0.0000      0.0000    0.7085361E-10
