    -18.2499      0.0000      0.0000    0.1003016E-09
    -17.6611      0.0000      0.0000    0.1021401E-08
    -17.0724      0.0000      0.0000    0.2656093E-09
    -16.4837      0.0000      0.0000    0.2020846E-08
    -15.8950      0.0000      0.0000    0.1066360E-08
    -15.3063      0.0000      0.0000    0.4863232E-08
    -14.7176      0.0000      0.0000    0.3918586E-08
    -14.1289      0.0000      0.0000    0.1228134E-07
    -13.5402      0.0000      0.0000    0.1230341E-07
    -12.9515      0.0000      0.0000    0.3032186E-07
    -12.3628      0.0000      0.0000    0.3377997E-07
    -11.7741      0.0000      0.0000    0.7128249E-07
    -11.1854      0.0000      0.0000    0.8349201E-07
    -10.5967      0.0000      0.0000    0.1593785E-06
    -10.0080      0.0000      0.0000    0.1917320E-06
     -9.4193      0.0000      0.0000    0.3452237E-06
     -8.8306      0.0000      0.0000    0.4261210E-06
     -8.2419      0.0000      0.0000    0.7520483E-06
     -7.6532      0.0000      0.0000    0.9676050E-06
     -7.0645      0.0000      0.0000    0.1739019E-05
     -6.4758      0.0000      0.0000    0.2398660E-05
     -5.8871      0.0000      0.0000    0.4597653E-05
     -5.2983      0.0000      0.0000    0.7386115E-05
     -4.7096      0.0000      0.0000    0.1815834E-04
     -4.1209      0.0000      0.0000    0.5103640E-04
     -3.5322      0.0000      0.0000    0.2339228E-03
     -2.9435      0.0000      0.0000    0.1188632E-02
     -2.3548      0.0000      0.0000    0.6823486E-02
     -1.7661      0.0000      0.0000    0.3680843E-01
     -1.1774      0.0000      0.0000    0.1965847E+00
     -0.5887      0.0000      0.0000    0.5977590E+00
      0.0000      0.0000      0.0000    0.3063933E+00
      0.5887      0.0000      0.0000    0.5444451E+00
      1.1774      0.0000      0.0000    0.4903290E+00
      1.7661      0.0000      0.0000    0.1037881E+00
      2.3548      0.0000      0.0000    0.1527518E-01
      2.9435      0.0000      0.0000    0.2340199E-02
      3.5322      0.0000      0.0000    0.3885395E-03
      4.1209      0.0000      0.0000    0.7579416E-04
      4.7096      0.0000      0.0000    0.2135410E-04
      5.2983      0.0000      0.0000    0.8072265E-05
      5.8871      0.0000      0.0000    0.4393157E-05
      6.4758      0.0000      0.0000    0.2423310E-05
      7.0645      0.0000      0.0000    0.1628868E-05
      7.6532      0.0000      0.0000    0.9847185E-06
      8.2419      0.0000      0.0000    0.7141069E-06
      8.8306      0.0000      0.0000    0.4396076E-06
      9.4193      0.0000      0.0000    0.3316189E-06
     10.0080      0.0000      0.0000    0.1997022E-06
     10.5967      0.0000      0.0000    0.1539969E-06
     11.1854      0.0000      0.0000    0.8760180E-07
     11.7741      0.0000      0.0000    0.6897869E-07
     12.3628      0.0000      0.0000    0.3571975E-07
     12.9515      0.0000      0.0000    0.2930067E-07
     13.5402      0.0000      0.0000    0.1314805E-07
     14.1289      0.0000      0.0000    0.1183339E-07
     14.7176      0.0000      0.0000    0.4253390E-08
     15.3063      0.0000      0.0000    0.4676302E-08
     15.8950      0.0000      0.0000    0.1182973E-08
     16.4837      0.0000      0.0000    0.1949494E-08
     17.0724      0.0000      0.0000    0.2988943E-09
     17.6611      0.0000      0.0000    0.9987456E-09
     18.2499      0.0000      0.0000    0.1063762E-09
     18.8386      0.0000      0.0000    0.7757771E-09
