    -18.2499      0.0000      0.0000    0.7218565E-10
    -17.6611      0.0000      0.0000    0.7431770E-10
    -17.0724      0.0000      0.0000    0.7746655E-10
    -16.4837      0.0000      0.0000    0.8130173E-10
    -15.8950      0.0000      0.0000    0.8668572E-10
    -15.3063      0.0000      0.0000    0.9250217E-10
    -14.7176      0.0000      0.0000    0.1016062E-09
    -14.1289      0.0000      0.0000    0.1093394E-09
    -13.5402      0.0000      0.0000    0.1261824E-09
    -12.9515      0.0000      0.0000    0.1333950E-09
    -12.3628      0.0000      0.0000    0.1713389E-09
    -11.7741      0.0000      0.0000    0.1671333E-09
    -11.1854      0.0000      0.0000    0.2838818E-09
    -10.5967      0.0000      0.0000    0.2607646E-09
    -10.0080      0.0000      0.0000    0.8271355E-09
     -9.4193      0.0000      0.0000    0.1364938E-08
     -8.8306      0.0000      0.0000    0.6056763E-08
     -8.2419      0.0000      0.0000    0.1840805E-07
     -7.6532      0.0000      0.0000    0.7433145E-07
     -7.0645      0.0000      0.0000    0.2728337E-06
     -6.4758      0.0000      0.0000    0.1044197E-05
     -5.8871      0.0000      0.0000    0.4006906E-05
     -5.2983      0.0000      0.0000    0.1515687E-04
     -4.7096      0.0000      0.0000    0.5885763E-04
     -4.1209      0.0000      0.0000    0.2235398E-03
     -3.5322      0.0000      0.0000    0.8767560E-03
     -2.9435      0.0000      0.0000    0.3370658E-02
     -2.3548      0.0000      0.0000    0.1339637E-01
     -1.7661      0.0000      0.0000    0.5151551E-01
     -1.1774      0.0000      0.0000    0.1974426E+00
     -0.5887      0.0000      0.0000    0.4702849E+00
      0.0000      0.0000      0.0000    0.2430789E+00
      0.5887      0.0000      0.0000    0.4360509E+00
      1.1774      0.0000      0.0000    0.4300382E+00
      1.7661      0.0000      0.0000    0.1176158E+00
      2.3548      0.0000      0.0000    0.2449614E-01
      2.9435      0.0000      0.0000    0.5419098E-02
      3.5322      0.0000      0.0000    0.1242911E-02
      4.1209      0.0000      0.0000    0.2944543E-03
      4.7096      0.0000      0.0000    0.7189116E-04
      5.2983      0.0000      0.0000    0.1742800E-04
      5.8871      0.0000      0.0000    0.4466988E-05
      6.4758      0.0000      0.0000    0.1064815E-05
      7.0645      0.0000      0.0000    0.2954005E-06
      7.6532      0.0000      0.0000    0.6384736E-07
      8.2419      0.0000      0.0000    0.2169809E-07
      8.8306      0.0000      0.0000    0.3376312E-08
      9.4193      0.0000      0.0000    0.2079984E-08
     10.0080      0.0000      0.0000    0.1606055E-09
     10.5967      0.0000      0.0000    0.3754300E-09
     11.1854      0.0000      0.0000    0.8241877E-10
     11.7741      0.0000      0.0000    0.1554754E-09
     12.3628      0.0000      0.0000    0.9224937E-10
     12.9515      0.0000      0.0000    0.1053466E-09
     13.5402      0.0000      0.0000    0.8684447E-10
     14.1289      0.0000      0.0000    0.8630888E-10
     14.7176      0.0000      0.0000    0.7907998E-10
     15.3063      0.0000      0.0000    0.7671571E-10
     15.8950      0.0000      0.0000    0.7334854E-10
     16.4837      0.0000      0.0000    0.7168477E-10
     17.0724      0.0000      0.0000    0.7029055E-10
     17.6611      0.0000      0.0000    0.6978027E-10
     18.2499      0.0000      0.0000    0.6986414E-10
     18.8386      0.0000      0.0000    0.7054439E-10
