    -18.2499      0.0000      0.0000    0.7337260E-10
    -17.6611      0.0000      0.0000    0.7553591E-10
    -17.0724      0.0000      0.0000    0.7873041E-10
    -16.4837      0.0000      0.0000    0.8262825E-10
    -15.8950      0.0000      0.0000    0.8808465E-10
    -15.3063      0.0000      0.0000    0.9401212E-10
    -14.7176      0.0000      0.0000    0.1032128E-09
    -14.1289      0.0000      0.0000    0.1111481E-09
    -13.5402      0.0000      0.0000    0.1280843E-09
    -12.9515      0.0000      0.0000    0.1356816E-09
    -12.3628      0.0000      0.0000    0.1735775E-09
    -11.7741      0.0000      0.0000    0.1699806E-09
    -11.1854      0.0000      0.0000    0.2856706E-09
    -10.5967      0.0000      0.0000    0.2613196E-09
    -10.0080      0.0000      0.0000    0.8172615E-09
     -9.4193      0.0000      0.0000    0.1321544E-08
     -8.8306      0.0000      0.0000    0.5894321E-08
     -8.2419      0.0000      0.0000    0.1780121E-07
     -7.6532      0.0000      0.0000    0.7225515E-07
     -7.0645      0.0000      0.0000    0.2652757E-06
     -6.4758      0.0000      0.0000    0.1018314E-05
     -5.8871      0.0000      0.0000    0.3914658E-05
     -5.2983      0.0000      0.0000    0.1484232E-04
     -4.7096      0.0000      0.0000    0.5777174E-04
     -4.1209      0.0000      0.0000    0.2199451E-03
     -3.5322      0.0000      0.0000    0.8651039E-03
     -2.9435      0.0000      0.0000    0.3335426E-02
     -2.3548      0.0000      0.0000    0.1330201E-01
     -1.7661      0.0000      0.0000    0.5133291E-01
     -1.1774      0.0000      0.0000    0.1975835E+00
     -0.5887      0.0000      0.0000    0.4722654E+00
      0.0000      0.0000      0.0000    0.2435632E+00
      0.5887      0.0000      0.0000    0.4375111E+00
      1.1774      0.0000      0.0000    0.4313353E+00
      1.7661      0.0000      0.0000    0.1175461E+00
      2.3548      0.0000      0.0000    0.2437879E-01
      2.9435      0.0000      0.0000    0.5373029E-02
      3.5322      0.0000      0.0000    0.1228254E-02
      4.1209      0.0000      0.0000    0.2901256E-03
      4.7096      0.0000      0.0000    0.7067571E-04
      5.2983      0.0000      0.0000    0.1709295E-04
      5.8871      0.0000      0.0000    0.4376625E-05
      6.4758      0.0000      0.0000    0.1040519E-05
      7.0645      0.0000      0.0000    0.2888839E-06
      7.6532      0.0000      0.0000    0.6211175E-07
      8.2419      0.0000      0.0000    0.2122018E-07
      8.8306      0.0000      0.0000    0.3254984E-08
      9.4193      0.0000      0.0000    0.2044321E-08
     10.0080      0.0000      0.0000    0.1552276E-09
     10.5967      0.0000      0.0000    0.3740667E-09
     11.1854      0.0000      0.0000    0.8451657E-10
     11.7741      0.0000      0.0000    0.1569055E-09
     12.3628      0.0000      0.0000    0.9423440E-10
     12.9515      0.0000      0.0000    0.1068815E-09
     13.5402      0.0000      0.0000    0.8845164E-10
     14.1289      0.0000      0.0000    0.8770922E-10
     14.7176      0.0000      0.0000    0.8045313E-10
     15.3063      0.0000      0.0000    0.7799282E-10
     15.8950      0.0000      0.0000    0.7458906E-10
     16.4837      0.0000      0.0000    0.7288065E-10
     17.0724      0.0000      0.0000    0.7146412E-10
     17.6611      0.0000      0.0000    0.7093873E-10
     18.2499      0.0000      0.0000    0.7102077E-10
     18.8386      0.0000      0.0000    0.7170754E-10
