      0.0000      0.0000    -18.2499    0.7204667E-09
      0.0000      0.0000    -17.6611    0.7388598E-09
      0.0000      0.0000    -17.0724    0.7479326E-09
      0.0000      0.0000    -16.4837    0.7867893E-09
      0.0000      0.0000    -15.8950    0.8060236E-09
      0.0000      0.0000    -15.3063    0.8753729E-09
      0.0000      0.0000    -14.7176    0.9024008E-09
      0.0000      0.0000    -14.1289    0.1021721E-08
      0.0000      0.0000    -13.5402    0.1051039E-08
      0.0000      0.0000    -12.9515    0.1261675E-08
      0.0000      0.0000    -12.3628    0.1277932E-08
      0.0000      0.0000    -11.7741    0.1691444E-08
      0.0000      0.0000    -11.1854    0.1664116E-08
      0.0000      0.0000    -10.5967    0.2764415E-08
      0.0000      0.0000    -10.0080    0.2954246E-08
      0.0000      0.0000     -9.4193    0.8446635E-08
      0.0000      0.0000     -8.8306    0.1584845E-07
      0.0000      0.0000     -8.2419    0.6674617E-07
      0.0000      0.0000     -7.6532    0.1981354E-06
      0.0000      0.0000     -7.0645    0.8149440E-06
      0.0000      0.0000     -6.4758    0.2763344E-05
      0.0000      0.0000     -5.8871    0.1061318E-04
      0.0000      0.0000     -5.2983    0.3665962E-04
      0.0000      0.0000     -4.7096    0.1332357E-03
      0.0000      0.0000     -4.1209    0.4528272E-03
      0.0000      0.0000     -3.5322    0.1584381E-02
      0.0000      0.0000     -2.9435    0.5354551E-02
      0.0000      0.0000     -2.3548    0.1915820E-01
      0.0000      0.0000     -1.7661    0.7113404E-01
      0.0000      0.0000     -1.1774    0.2699677E+00
      0.0000      0.0000     -0.5887    0.5050229E+00
      0.0000      0.0000      0.0000    0.2619441E+00
      0.0000      0.0000      0.5887    0.5050229E+00
      0.0000      0.0000      1.1774    0.2699677E+00
      0.0000      0.0000      1.7661    0.7113404E-01
      0.0000      0.0000      2.3548    0.1915820E-01
      0.0000      0.0000      2.9435    0.5354550E-02
      0.0000      0.0000      3.5322    0.1584381E-02
      0.0000      0.0000      4.1209    0.4528271E-03
      0.0000      0.0000      4.7096    0.1332357E-03
      0.0000      0.0000      5.2983    0.3665962E-04
      0.0000      0.0000      5.8871    0.1061318E-04
      0.0000      0.0000      6.4758    0.2763343E-05
      0.0000      0.0000      7.0645    0.8149439E-06
      0.0000      0.0000      7.6532    0.1981354E-06
      0.0000      0.0000      8.2419    0.6674615E-07
      0.0000      0.0000      8.8306    0.1584845E-07
      0.0000      0.0000      9.4193    0.8446633E-08
      0.0000      0.0000     10.0080    0.2954245E-08
      0.0000      0.0000     10.5967    0.2764415E-08
      0.0000      0.0000     11.1854    0.1664116E-08
      0.0000      0.0000     11.7741    0.1691444E-08
      0.0000      0.0000     12.3628    0.1277932E-08
      0.0000      0.0000     12.9515    0.1261676E-08
      0.0000      0.0000     13.5402    0.1051039E-08
      0.0000      0.0000     14.1289    0.1021723E-08
      0.0000      0.0000     14.7176    0.9024003E-09
      0.0000      0.0000     15.3063    0.8753741E-09
      0.0000      0.0000     15.8950    0.8060230E-09
      0.0000      0.0000     16.4837    0.7867903E-09
      0.0000      0.0000     17.0724    0.7479321E-09
      0.0000      0.0000     17.6611    0.7388604E-09
      0.0000      0.0000     18.2499    0.7204665E-09
      0.0000      0.0000     18.8386    0.7232421E-09
    -18.2499      0.0000      0.0000    0.7249799E-10
    -17.6611      0.0000      0.0000    0.7464984E-10
    -17.0724      0.0000      0.0000    0.7779999E-10
    -16.4837      0.0000      0.0000    0.8166511E-10
    -15.8950      0.0000      0.0000    0.8705705E-10
    -15.3063      0.0000      0.0000    0.9291486E-10
    -14.7176      0.0000      0.0000    0.1020406E-09
    -14.1289      0.0000      0.0000    0.1098236E-09
    -13.5402      0.0000      0.0000    0.1267243E-09
    -12.9515      0.0000      0.0000    0.1339752E-09
    -12.3628      0.0000      0.0000    0.1720836E-09
    -11.7741      0.0000      0.0000    0.1678328E-09
    -11.1854      0.0000      0.0000    0.2850960E-09
    -10.5967      0.0000      0.0000    0.2616140E-09
    -10.0080      0.0000      0.0000    0.8296320E-09
     -9.4193      0.0000      0.0000    0.1365096E-08
     -8.8306      0.0000      0.0000    0.6058270E-08
     -8.2419      0.0000      0.0000    0.1837578E-07
     -7.6532      0.0000      0.0000    0.7419734E-07
     -7.0645      0.0000      0.0000    0.2720915E-06
     -6.4758      0.0000      0.0000    0.1041190E-05
     -5.8871      0.0000      0.0000    0.3994041E-05
     -5.2983      0.0000      0.0000    0.1510760E-04
     -4.7096      0.0000      0.0000    0.5866882E-04
     -4.1209      0.0000      0.0000    0.2228629E-03
     -3.5322      0.0000      0.0000    0.8744050E-03
     -2.9435      0.0000      0.0000    0.3363113E-02
     -2.3548      0.0000      0.0000    0.1337504E-01
     -1.7661      0.0000      0.0000    0.5147149E-01
     -1.1774      0.0000      0.0000    0.1974677E+00
     -0.5887      0.0000      0.0000    0.4707322E+00
      0.0000      0.0000      0.0000    0.2431952E+00
      0.5887      0.0000      0.0000    0.4364560E+00
      1.1774      0.0000      0.0000    0.4303604E+00
      1.7661      0.0000      0.0000    0.1175884E+00
      2.3548      0.0000      0.0000    0.2446247E-01
      2.9435      0.0000      0.0000    0.5406188E-02
      3.5322      0.0000      0.0000    0.1238845E-02
      4.1209      0.0000      0.0000    0.2932677E-03
      4.7096      0.0000      0.0000    0.7156221E-04
      5.2983      0.0000      0.0000    0.1733940E-04
      5.8871      0.0000      0.0000    0.4443741E-05
      6.4758      0.0000      0.0000    0.1058854E-05
      7.0645      0.0000      0.0000    0.2938912E-06
      7.6532      0.0000      0.0000    0.6347834E-07
      8.2419      0.0000      0.0000    0.2160871E-07
      8.8306      0.0000      0.0000    0.3356021E-08
      9.4193      0.0000      0.0000    0.2076270E-08
     10.0080      0.0000      0.0000    0.1601195E-09
     10.5967      0.0000      0.0000    0.3760618E-09
     11.1854      0.0000      0.0000    0.8286310E-10
     11.7741      0.0000      0.0000    0.1560781E-09
     12.3628      0.0000      0.0000    0.9267792E-10
     12.9515      0.0000      0.0000    0.1058164E-09
     13.5402      0.0000      0.0000    0.8722644E-10
     14.1289      0.0000      0.0000    0.8670000E-10
     14.7176      0.0000      0.0000    0.7942502E-10
     15.3063      0.0000      0.0000    0.7706190E-10
     15.8950      0.0000      0.0000    0.7366846E-10
     16.4837      0.0000      0.0000    0.7200660E-10
     17.0724      0.0000      0.0000    0.7059680E-10
     17.6611      0.0000      0.0000    0.7009252E-10
     18.2499      0.0000      0.0000    0.7016767E-10
     18.8386      0.0000      0.0000    0.7085956E-10
