    -18.2499      0.0000      0.0000    0.7171597E-10
    -17.6611      0.0000      0.0000    0.7785141E-10
    -17.0724      0.0000      0.0000    0.7705693E-10
    -16.4837      0.0000      0.0000    0.8614194E-10
    -15.8950      0.0000      0.0000    0.8605737E-10
    -15.3063      0.0000      0.0000    0.9943713E-10
    -14.7176      0.0000      0.0000    0.1004818E-09
    -14.1289      0.0000      0.0000    0.1193560E-09
    -13.5402      0.0000      0.0000    0.1241060E-09
    -12.9515      0.0000      0.0000    0.1471264E-09
    -12.3628      0.0000      0.0000    0.1666254E-09
    -11.7741      0.0000      0.0000    0.1820895E-09
    -11.1854      0.0000      0.0000    0.2706457E-09
    -10.5967      0.0000      0.0000    0.2697911E-09
    -10.0080      0.0000      0.0000    0.8276827E-09
     -9.4193      0.0000      0.0000    0.1537649E-08
     -8.8306      0.0000      0.0000    0.6968083E-08
     -8.2419      0.0000      0.0000    0.2253163E-07
     -7.6532      0.0000      0.0000    0.9111709E-07
     -7.0645      0.0000      0.0000    0.3371135E-06
     -6.4758      0.0000      0.0000    0.1279259E-05
     -5.8871      0.0000      0.0000    0.4840262E-05
     -5.2983      0.0000      0.0000    0.1798840E-04
     -4.7096      0.0000      0.0000    0.6812834E-04
     -4.1209      0.0000      0.0000    0.2520569E-03
     -3.5322      0.0000      0.0000    0.9579247E-03
     -2.9435      0.0000      0.0000    0.3571454E-02
     -2.3548      0.0000      0.0000    0.1378013E-01
     -1.7661      0.0000      0.0000    0.5180971E-01
     -1.1774      0.0000      0.0000    0.1959848E+00
     -0.5887      0.0000      0.0000    0.4655531E+00
      0.0000      0.0000      0.0000    0.2438289E+00
      0.5887      0.0000      0.0000    0.4245379E+00
      1.1774      0.0000      0.0000    0.4215058E+00
      1.7661      0.0000      0.0000    0.1177881E+00
      2.3548      0.0000      0.0000    0.2520524E-01
      2.9435      0.0000      0.0000    0.5745165E-02
      3.5322      0.0000      0.0000    0.1357735E-02
      4.1209      0.0000      0.0000    0.3315837E-03
      4.7096      0.0000      0.0000    0.8303952E-04
      5.2983      0.0000      0.0000    0.2069455E-04
      5.8871      0.0000      0.0000    0.5381373E-05
      6.4758      0.0000      0.0000    0.1318492E-05
      7.0645      0.0000      0.0000    0.3633902E-06
      7.6532      0.0000      0.0000    0.8203670E-07
      8.2419      0.0000      0.0000    0.2650821E-07
      8.8306      0.0000      0.0000    0.4649868E-08
      9.4193      0.0000      0.0000    0.2448264E-08
     10.0080      0.0000      0.0000    0.2530555E-09
     10.5967      0.0000      0.0000    0.4205291E-09
     11.1854      0.0000      0.0000    0.8240931E-10
     11.7741      0.0000      0.0000    0.1693729E-09
     12.3628      0.0000      0.0000    0.8421574E-10
     12.9515      0.0000      0.0000    0.1132231E-09
     13.5402      0.0000      0.0000    0.8003999E-10
     14.1289      0.0000      0.0000    0.9160412E-10
     14.7176      0.0000      0.0000    0.7445550E-10
     15.3063      0.0000      0.0000    0.8048384E-10
     15.8950      0.0000      0.0000    0.7050779E-10
     16.4837      0.0000      0.0000    0.7460453E-10
     17.0724      0.0000      0.0000    0.6868577E-10
     17.6611      0.0000      0.0000    0.7240286E-10
     18.2499      0.0000      0.0000    0.6902213E-10
     18.8386      0.0000      0.0000    0.7336528E-10
