      0.0000      0.0000    -18.2499    0.4315760E-09
      0.0000      0.0000    -17.6611    0.4382851E-09
      0.0000      0.0000    -17.0724    0.4490383E-09
      0.0000      0.0000    -16.4837    0.4661838E-09
      0.0000      0.0000    -15.8950    0.4861793E-09
      0.0000      0.0000    -15.3063    0.5179250E-09
      0.0000      0.0000    -14.7176    0.5482303E-09
      0.0000      0.0000    -14.1289    0.6044809E-09
      0.0000      0.0000    -13.5402    0.6446208E-09
      0.0000      0.0000    -12.9515    0.7522590E-09
      0.0000      0.0000    -12.3628    0.7934665E-09
      0.0000      0.0000    -11.7741    0.1047458E-08
      0.0000      0.0000    -11.1854    0.1061015E-08
      0.0000      0.0000    -10.5967    0.1928123E-08
      0.0000      0.0000    -10.0080    0.2043141E-08
      0.0000      0.0000     -9.4193    0.6700091E-08
      0.0000      0.0000     -8.8306    0.1089971E-07
      0.0000      0.0000     -8.2419    0.4747686E-07
      0.0000      0.0000     -7.6532    0.1171941E-06
      0.0000      0.0000     -7.0645    0.4833435E-06
      0.0000      0.0000     -6.4758    0.1459171E-05
      0.0000      0.0000     -5.8871    0.5675456E-05
      0.0000      0.0000     -5.2983    0.1887677E-04
      0.0000      0.0000     -4.7096    0.7209582E-04
      0.0000      0.0000     -4.1209    0.2551706E-03
      0.0000      0.0000     -3.5322    0.9926501E-03
      0.0000      0.0000     -2.9435    0.3773007E-02
      0.0000      0.0000     -2.3548    0.1579925E-01
      0.0000      0.0000     -1.7661    0.6812742E-01
      0.0000      0.0000     -1.1774    0.2908389E+00
      0.0000      0.0000     -0.5887    0.5600865E+00
      0.0000      0.0000      0.0000    0.2465583E+00
      0.0000      0.0000      0.5887    0.5600865E+00
      0.0000      0.0000      1.1774    0.2908389E+00
      0.0000      0.0000      1.7661    0.6812742E-01
      0.0000      0.0000      2.3548    0.1579925E-01
      0.0000      0.0000      2.9435    0.3773007E-02
      0.0000      0.0000      3.5322    0.9926501E-03
      0.0000      0.0000      4.1209    0.2551706E-03
      0.0000      0.0000      4.7096    0.7209582E-04
      0.0000      0.0000      5.2983    0.1887677E-04
      0.0000      0.0000      5.8871    0.5675456E-05
      0.0000      0.0000      6.4758    0.1459171E-05
      0.0000      0.0000      7.0645    0.4833435E-06
      0.0000      0.0000      7.6532    0.1171941E-06
      0.0000      0.0000      8.2419    0.4747687E-07
      0.0000      0.0000      8.8306    0.1089971E-07
      0.0000      0.0000      9.4193    0.6700094E-08
      0.0000      0.0000     10.0080    0.2043143E-08
      0.0000      0.0000     10.5967    0.1928125E-08
      0.0000      0.0000     11.1854    0.1061016E-08
      0.0000      0.0000     11.7741    0.1047461E-08
      0.0000      0.0000     12.3628    0.7934666E-09
      0.0000      0.0000     12.9515    0.7522608E-09
      0.0000      0.0000     13.5402    0.6446205E-09
      0.0000      0.0000     14.1289    0.6044826E-09
      0.0000      0.0000     14.7176    0.5482296E-09
      0.0000      0.0000     15.3063    0.5179265E-09
      0.0000      0.0000     15.8950    0.4861787E-09
      0.0000      0.0000     16.4837    0.4661849E-09
      0.0000      0.0000     17.0724    0.4490378E-09
      0.0000      0.0000     17.6611    0.4382857E-09
      0.0000      0.0000     18.2499    0.4315758E-09
      0.0000      0.0000     18.8386    0.4292358E-09
    -18.2499      0.0000      0.0000    0.7250222E-10
    -17.6611      0.0000      0.0000    0.7464261E-10
    -17.0724      0.0000      0.0000    0.7780605E-10
    -16.4837      0.0000      0.0000    0.8165531E-10
    -15.8950      0.0000      0.0000    0.8706626E-10
    -15.3063      0.0000      0.0000    0.9290084E-10
    -14.7176      0.0000      0.0000    0.1020552E-09
    -14.1289      0.0000      0.0000    0.1098031E-09
    -13.5402      0.0000      0.0000    0.1267488E-09
    -12.9515      0.0000      0.0000    0.1339470E-09
    -12.3628      0.0000      0.0000    0.1721309E-09
    -11.7741      0.0000      0.0000    0.1678078E-09
    -11.1854      0.0000      0.0000    0.2852178E-09
    -10.5967      0.0000      0.0000    0.2616865E-09
    -10.0080      0.0000      0.0000    0.8300959E-09
     -9.4193      0.0000      0.0000    0.1365875E-08
     -8.8306      0.0000      0.0000    0.6060608E-08
     -8.2419      0.0000      0.0000    0.1838101E-07
     -7.6532      0.0000      0.0000    0.7421081E-07
     -7.0645      0.0000      0.0000    0.2721246E-06
     -6.4758      0.0000      0.0000    0.1041273E-05
     -5.8871      0.0000      0.0000    0.3994258E-05
     -5.2983      0.0000      0.0000    0.1510817E-04
     -4.7096      0.0000      0.0000    0.5867035E-04
     -4.1209      0.0000      0.0000    0.2228671E-03
     -3.5322      0.0000      0.0000    0.8744167E-03
     -2.9435      0.0000      0.0000    0.3363145E-02
     -2.3548      0.0000      0.0000    0.1337512E-01
     -1.7661      0.0000      0.0000    0.5147164E-01
     -1.1774      0.0000      0.0000    0.1974676E+00
     -0.5887      0.0000      0.0000    0.4707305E+00
      0.0000      0.0000      0.0000    0.2431948E+00
      0.5887      0.0000      0.0000    0.4364547E+00
      1.1774      0.0000      0.0000    0.4303592E+00
      1.7661      0.0000      0.0000    0.1175885E+00
      2.3548      0.0000      0.0000    0.2446257E-01
      2.9435      0.0000      0.0000    0.5406229E-02
      3.5322      0.0000      0.0000    0.1238857E-02
      4.1209      0.0000      0.0000    0.2932715E-03
      4.7096      0.0000      0.0000    0.7156333E-04
      5.2983      0.0000      0.0000    0.1733973E-04
      5.8871      0.0000      0.0000    0.4443838E-05
      6.4758      0.0000      0.0000    0.1058883E-05
      7.0645      0.0000      0.0000    0.2939007E-06
      7.6532      0.0000      0.0000    0.6348133E-07
      8.2419      0.0000      0.0000    0.2160982E-07
      8.8306      0.0000      0.0000    0.3356329E-08
      9.4193      0.0000      0.0000    0.2076416E-08
     10.0080      0.0000      0.0000    0.1601389E-09
     10.5967      0.0000      0.0000    0.3760811E-09
     11.1854      0.0000      0.0000    0.8285964E-10
     11.7741      0.0000      0.0000    0.1560779E-09
     12.3628      0.0000      0.0000    0.9267716E-10
     12.9515      0.0000      0.0000    0.1058123E-09
     13.5402      0.0000      0.0000    0.8722801E-10
     14.1289      0.0000      0.0000    0.8669507E-10
     14.7176      0.0000      0.0000    0.7942745E-10
     15.3063      0.0000      0.0000    0.7705693E-10
     15.8950      0.0000      0.0000    0.7367112E-10
     16.4837      0.0000      0.0000    0.7200169E-10
     17.0724      0.0000      0.0000    0.7059961E-10
     17.6611      0.0000      0.0000    0.7008744E-10
     18.2499      0.0000      0.0000    0.7017090E-10
     18.8386      0.0000      0.0000    0.7085381E-10
