      0.0000      0.0000    -18.2499    0.3798566E-09
      0.0000      0.0000    -17.6611    0.3856503E-09
      0.0000      0.0000    -17.0724    0.3953864E-09
      0.0000      0.0000    -16.4837    0.4098289E-09
      0.0000      0.0000    -15.8950    0.4285075E-09
      0.0000      0.0000    -15.3063    0.4543204E-09
      0.0000      0.0000    -14.7176    0.4839807E-09
      0.0000      0.0000    -14.1289    0.5276881E-09
      0.0000      0.0000    -13.5402    0.5698422E-09
      0.0000      0.0000    -12.9515    0.6500050E-09
      0.0000      0.0000    -12.3628    0.6985395E-09
      0.0000      0.0000    -11.7741    0.8876770E-09
      0.0000      0.0000    -11.1854    0.9099653E-09
      0.0000      0.0000    -10.5967    0.1610092E-08
      0.0000      0.0000    -10.0080    0.1694920E-08
      0.0000      0.0000     -9.4193    0.5957270E-08
      0.0000      0.0000     -8.8306    0.1017880E-07
      0.0000      0.0000     -8.2419    0.4732643E-07
      0.0000      0.0000     -7.6532    0.1232082E-06
      0.0000      0.0000     -7.0645    0.5195385E-06
      0.0000      0.0000     -6.4758    0.1616459E-05
      0.0000      0.0000     -5.8871    0.6317684E-05
      0.0000      0.0000     -5.2983    0.2125619E-04
      0.0000      0.0000     -4.7096    0.8072492E-04
      0.0000      0.0000     -4.1209    0.2847612E-03
      0.0000      0.0000     -3.5322    0.1090387E-02
      0.0000      0.0000     -2.9435    0.4075952E-02
      0.0000      0.0000     -2.3548    0.1662268E-01
      0.0000      0.0000     -1.7661    0.6961768E-01
      0.0000      0.0000     -1.1774    0.2871492E+00
      0.0000      0.0000     -0.5887    0.5411090E+00
      0.0000      0.0000      0.0000    0.2423261E+00
      0.0000      0.0000      0.5887    0.5411090E+00
      0.0000      0.0000      1.1774    0.2871492E+00
      0.0000      0.0000      1.7661    0.6961768E-01
      0.0000      0.0000      2.3548    0.1662268E-01
      0.0000      0.0000      2.9435    0.4075952E-02
      0.0000      0.0000      3.5322    0.1090387E-02
      0.0000      0.0000      4.1209    0.2847612E-03
      0.0000      0.0000      4.7096    0.8072492E-04
      0.0000      0.0000      5.2983    0.2125619E-04
      0.0000      0.0000      5.8871    0.6317684E-05
      0.0000      0.0000      6.4758    0.1616459E-05
      0.0000      0.0000      7.0645    0.5195385E-06
      0.0000      0.0000      7.6532    0.1232082E-06
      0.0000      0.0000      8.2419    0.4732643E-07
      0.0000      0.0000      8.8306    0.1017881E-07
      0.0000      0.0000      9.4193    0.5957271E-08
      0.0000      0.0000     10.0080    0.1694920E-08
      0.0000      0.0000     10.5967    0.1610092E-08
      0.0000      0.0000     11.1854    0.9099654E-09
      0.0000      0.0000     11.7741    0.8876772E-09
      0.0000      0.0000     12.3628    0.6985395E-09
      0.0000      0.0000     12.9515    0.6500052E-09
      0.0000      0.0000     13.5402    0.5698421E-09
      0.0000      0.0000     14.1289    0.5276882E-09
      0.0000      0.0000     14.7176    0.4839806E-09
      0.0000      0.0000     15.3063    0.4543206E-09
      0.0000      0.0000     15.8950    0.4285074E-09
      0.0000      0.0000     16.4837    0.4098290E-09
      0.0000      0.0000     17.0724    0.3953864E-09
      0.0000      0.0000     17.6611    0.3856504E-09
      0.0000      0.0000     18.2499    0.3798565E-09
      0.0000      0.0000     18.8386    0.3777850E-09
    -18.2499      0.0000      0.0000    0.7250192E-10
    -17.6611      0.0000      0.0000    0.7464230E-10
    -17.0724      0.0000      0.0000    0.7780574E-10
    -16.4837      0.0000      0.0000    0.8165498E-10
    -15.8950      0.0000      0.0000    0.8706591E-10
    -15.3063      0.0000      0.0000    0.9290047E-10
    -14.7176      0.0000      0.0000    0.1020548E-09
    -14.1289      0.0000      0.0000    0.1098027E-09
    -13.5402      0.0000      0.0000    0.1267483E-09
    -12.9515      0.0000      0.0000    0.1339464E-09
    -12.3628      0.0000      0.0000    0.1721303E-09
    -11.7741      0.0000      0.0000    0.1678071E-09
    -11.1854      0.0000      0.0000    0.2852171E-09
    -10.5967      0.0000      0.0000    0.2616861E-09
    -10.0080      0.0000      0.0000    0.8300963E-09
     -9.4193      0.0000      0.0000    0.1365881E-08
     -8.8306      0.0000      0.0000    0.6060632E-08
     -8.2419      0.0000      0.0000    0.1838111E-07
     -7.6532      0.0000      0.0000    0.7421118E-07
     -7.0645      0.0000      0.0000    0.2721261E-06
     -6.4758      0.0000      0.0000    0.1041279E-05
     -5.8871      0.0000      0.0000    0.3994277E-05
     -5.2983      0.0000      0.0000    0.1510824E-04
     -4.7096      0.0000      0.0000    0.5867060E-04
     -4.1209      0.0000      0.0000    0.2228679E-03
     -3.5322      0.0000      0.0000    0.8744195E-03
     -2.9435      0.0000      0.0000    0.3363154E-02
     -2.3548      0.0000      0.0000    0.1337514E-01
     -1.7661      0.0000      0.0000    0.5147169E-01
     -1.1774      0.0000      0.0000    0.1974676E+00
     -0.5887      0.0000      0.0000    0.4707301E+00
      0.0000      0.0000      0.0000    0.2431947E+00
      0.5887      0.0000      0.0000    0.4364543E+00
      1.1774      0.0000      0.0000    0.4303589E+00
      1.7661      0.0000      0.0000    0.1175885E+00
      2.3548      0.0000      0.0000    0.2446260E-01
      2.9435      0.0000      0.0000    0.5406240E-02
      3.5322      0.0000      0.0000    0.1238861E-02
      4.1209      0.0000      0.0000    0.2932726E-03
      4.7096      0.0000      0.0000    0.7156363E-04
      5.2983      0.0000      0.0000    0.1733981E-04
      5.8871      0.0000      0.0000    0.4443859E-05
      6.4758      0.0000      0.0000    0.1058889E-05
      7.0645      0.0000      0.0000    0.2939021E-06
      7.6532      0.0000      0.0000    0.6348168E-07
      8.2419      0.0000      0.0000    0.2160990E-07
      8.8306      0.0000      0.0000    0.3356351E-08
      9.4193      0.0000      0.0000    0.2076420E-08
     10.0080      0.0000      0.0000    0.1601397E-09
     10.5967      0.0000      0.0000    0.3760807E-09
     11.1854      0.0000      0.0000    0.8285920E-10
     11.7741      0.0000      0.0000    0.1560774E-09
     12.3628      0.0000      0.0000    0.9267672E-10
     12.9515      0.0000      0.0000    0.1058118E-09
     13.5402      0.0000      0.0000    0.8722763E-10
     14.1289      0.0000      0.0000    0.8669472E-10
     14.7176      0.0000      0.0000    0.7942712E-10
     15.3063      0.0000      0.0000    0.7705661E-10
     15.8950      0.0000      0.0000    0.7367081E-10
     16.4837      0.0000      0.0000    0.7200140E-10
     17.0724      0.0000      0.0000    0.7059932E-10
     17.6611      0.0000      0.0000    0.7008715E-10
     18.2499      0.0000      0.0000    0.7017062E-10
     18.8386      0.0000      0.0000    0.7085352E-10
