    -18.2499      0.0000      0.0000    0.2658420E-06
    -17.6611      0.0000      0.0000    0.3995571E-06
    -17.0724      0.0000      0.0000    0.7041518E-06
    -16.4837      0.0000      0.0000    0.1305567E-05
    -15.8950      0.0000      0.0000    0.2463119E-05
    -15.3063      0.0000      0.0000    0.4562676E-05
    -14.7176      0.0000      0.0000    0.8284558E-05
    -14.1289      0.0000      0.0000    0.1457709E-04
    -13.5402      0.0000      0.0000    0.2493221E-04
    -12.9515      0.0000      0.0000    0.4124360E-04
    -12.3628      0.0000      0.0000    0.6618141E-04
    -11.7741      0.0000      0.0000    0.1027539E-03
    -11.1854      0.0000      0.0000    0.1548072E-03
    -10.5967      0.0000      0.0000    0.2261476E-03
    -10.0080      0.0000      0.0000    0.3214679E-03
     -9.4193      0.0000      0.0000    0.4451549E-03
     -8.8306      0.0000      0.0000    0.6034370E-03
     -8.2419      0.0000      0.0000    0.8032922E-03
     -7.6532      0.0000      0.0000    0.1057127E-02
     -7.0645      0.0000      0.0000    0.1382556E-02
     -6.4758      0.0000      0.0000    0.1812277E-02
     -5.8871      0.0000      0.0000    0.2397978E-02
     -5.2983      0.0000      0.0000    0.3234495E-02
     -4.7096      0.0000      0.0000    0.4486702E-02
     -4.1209      0.0000      0.0000    0.6475790E-02
     -3.5322      0.0000      0.0000    0.9886560E-02
     -2.9435      0.0000      0.0000    0.1637863E-01
     -2.3548      0.0000      0.0000    0.3080558E-01
     -1.7661      0.0000      0.0000    0.6702244E-01
     -1.1774      0.0000      0.0000    0.1617928E+00
     -0.5887      0.0000      0.0000    0.2994828E+00
      0.0000      0.0000      0.0000    0.2478203E+00
      0.5887      0.0000      0.0000    0.2950827E+00
      1.1774      0.0000      0.0000    0.2689702E+00
      1.7661      0.0000      0.0000    0.1102214E+00
      2.3548      0.0000      0.0000    0.4023729E-01
      2.9435      0.0000      0.0000    0.1782610E-01
      3.5322      0.0000      0.0000    0.9578306E-02
      4.1209      0.0000      0.0000    0.5970104E-02
      4.7096      0.0000      0.0000    0.4066107E-02
      5.2983      0.0000      0.0000    0.2934694E-02
      5.8871      0.0000      0.0000    0.2190120E-02
      6.4758      0.0000      0.0000    0.1670462E-02
      7.0645      0.0000      0.0000    0.1285148E-02
      7.6532      0.0000      0.0000    0.9904624E-03
      8.2419      0.0000      0.0000    0.7575111E-03
      8.8306      0.0000      0.0000    0.5723166E-03
      9.4193      0.0000      0.0000    0.4241318E-03
     10.0080      0.0000      0.0000    0.3075437E-03
     10.5967      0.0000      0.0000    0.2170605E-03
     11.1854      0.0000      0.0000    0.1490390E-03
     11.7741      0.0000      0.0000    0.9916458E-04
     12.3628      0.0000      0.0000    0.6402113E-04
     12.9515      0.0000      0.0000    0.3997074E-04
     13.5402      0.0000      0.0000    0.2420988E-04
     14.1289      0.0000      0.0000    0.1417489E-04
     14.7176      0.0000      0.0000    0.8069875E-05
     15.3063      0.0000      0.0000    0.4449542E-05
     15.8950      0.0000      0.0000    0.2406438E-05
     16.4837      0.0000      0.0000    0.1277215E-05
     17.0724      0.0000      0.0000    0.6909498E-06
     17.6611      0.0000      0.0000    0.3934329E-06
     18.2499      0.0000      0.0000    0.2636005E-06
     18.8386      0.0000      0.0000    0.2248808E-06
