      0.0000      0.0000    -18.2499    0.4350052E-09
      0.0000      0.0000    -17.6611    0.3642853E-09
      0.0000      0.0000    -17.0724    0.4670519E-09
      0.0000      0.0000    -16.4837    0.3847438E-09
      0.0000      0.0000    -15.8950    0.5411210E-09
      0.0000      0.0000    -15.3063    0.4284752E-09
      0.0000      0.0000    -14.7176    0.6820668E-09
      0.0000      0.0000    -14.1289    0.5161533E-09
      0.0000      0.0000    -13.5402    0.9393352E-09
      0.0000      0.0000    -12.9515    0.6928239E-09
      0.0000      0.0000    -12.3628    0.1403542E-08
      0.0000      0.0000    -11.7741    0.1064364E-08
      0.0000      0.0000    -11.1854    0.2241035E-08
      0.0000      0.0000    -10.5967    0.2002543E-08
      0.0000      0.0000    -10.0080    0.4016250E-08
      0.0000      0.0000     -9.4193    0.6136993E-08
      0.0000      0.0000     -8.8306    0.1268754E-07
      0.0000      0.0000     -8.2419    0.4184232E-07
      0.0000      0.0000     -7.6532    0.1115570E-06
      0.0000      0.0000     -7.0645    0.4586211E-06
      0.0000      0.0000     -6.4758    0.1450180E-05
      0.0000      0.0000     -5.8871    0.5769939E-05
      0.0000      0.0000     -5.2983    0.1971668E-04
      0.0000      0.0000     -4.7096    0.7621511E-04
      0.0000      0.0000     -4.1209    0.2725531E-03
      0.0000      0.0000     -3.5322    0.1058187E-02
      0.0000      0.0000     -2.9435    0.3998405E-02
      0.0000      0.0000     -2.3548    0.1646405E-01
      0.0000      0.0000     -1.7661    0.6945001E-01
      0.0000      0.0000     -1.1774    0.2881806E+00
      0.0000      0.0000     -0.5887    0.5449384E+00
      0.0000      0.0000      0.0000    0.2434113E+00
      0.0000      0.0000      0.5887    0.5449384E+00
      0.0000      0.0000      1.1774    0.2881806E+00
      0.0000      0.0000      1.7661    0.6945001E-01
      0.0000      0.0000      2.3548    0.1646405E-01
      0.0000      0.0000      2.9435    0.3998405E-02
      0.0000      0.0000      3.5322    0.1058187E-02
      0.0000      0.0000      4.1209    0.2725531E-03
      0.0000      0.0000      4.7096    0.7621511E-04
      0.0000      0.0000      5.2983    0.1971668E-04
      0.0000      0.0000      5.8871    0.5769939E-05
      0.0000      0.0000      6.4758    0.1450180E-05
      0.0000      0.0000      7.0645    0.4586211E-06
      0.0000      0.0000      7.6532    0.1115570E-06
      0.0000      0.0000      8.2419    0.4184232E-07
      0.0000      0.0000      8.8306    0.1268754E-07
      0.0000      0.0000      9.4193    0.6136993E-08
      0.0000      0.0000     10.0080    0.4016250E-08
      0.0000      0.0000     10.5967    0.2002543E-08
      0.0000      0.0000     11.1854    0.2241034E-08
      0.0000      0.0000     11.7741    0.1064364E-08
      0.0000      0.0000     12.3628    0.1403542E-08
      0.0000      0.0000     12.9515    0.6928239E-09
      0.0000      0.0000     13.5402    0.9393352E-09
      0.0000      0.0000     14.1289    0.5161533E-09
      0.0000      0.0000     14.7176    0.6820668E-09
      0.0000      0.0000     15.3063    0.4284753E-09
      0.0000      0.0000     15.8950    0.5411210E-09
      0.0000      0.0000     16.4837    0.3847438E-09
      0.0000      0.0000     17.0724    0.4670519E-09
      0.0000      0.0000     17.6611    0.3642853E-09
      0.0000      0.0000     18.2499    0.4350052E-09
      0.0000      0.0000     18.8386    0.3581180E-09
    -18.2499      0.0000      0.0000    0.7250063E-10
    -17.6611      0.0000      0.0000    0.7464389E-10
    -17.0724      0.0000      0.0000    0.7780386E-10
    -16.4837      0.0000      0.0000    0.8165732E-10
    -15.8950      0.0000      0.0000    0.8706306E-10
    -15.3063      0.0000      0.0000    0.9290400E-10
    -14.7176      0.0000      0.0000    0.1020504E-09
    -14.1289      0.0000      0.0000    0.1098080E-09
    -13.5402      0.0000      0.0000    0.1267413E-09
    -12.9515      0.0000      0.0000    0.1339539E-09
    -12.3628      0.0000      0.0000    0.1721179E-09
    -11.7741      0.0000      0.0000    0.1678146E-09
    -11.1854      0.0000      0.0000    0.2851898E-09
    -10.5967      0.0000      0.0000    0.2616749E-09
    -10.0080      0.0000      0.0000    0.8300059E-09
     -9.4193      0.0000      0.0000    0.1365736E-08
     -8.8306      0.0000      0.0000    0.6060211E-08
     -8.2419      0.0000      0.0000    0.1838018E-07
     -7.6532      0.0000      0.0000    0.7420892E-07
     -7.0645      0.0000      0.0000    0.2721207E-06
     -6.4758      0.0000      0.0000    0.1041266E-05
     -5.8871      0.0000      0.0000    0.3994248E-05
     -5.2983      0.0000      0.0000    0.1510817E-04
     -4.7096      0.0000      0.0000    0.5867044E-04
     -4.1209      0.0000      0.0000    0.2228676E-03
     -3.5322      0.0000      0.0000    0.8744187E-03
     -2.9435      0.0000      0.0000    0.3363152E-02
     -2.3548      0.0000      0.0000    0.1337514E-01
     -1.7661      0.0000      0.0000    0.5147169E-01
     -1.1774      0.0000      0.0000    0.1974676E+00
     -0.5887      0.0000      0.0000    0.4707301E+00
      0.0000      0.0000      0.0000    0.2431947E+00
      0.5887      0.0000      0.0000    0.4364543E+00
      1.1774      0.0000      0.0000    0.4303589E+00
      1.7661      0.0000      0.0000    0.1175885E+00
      2.3548      0.0000      0.0000    0.2446260E-01
      2.9435      0.0000      0.0000    0.5406240E-02
      3.5322      0.0000      0.0000    0.1238861E-02
      4.1209      0.0000      0.0000    0.2932724E-03
      4.7096      0.0000      0.0000    0.7156357E-04
      5.2983      0.0000      0.0000    0.1733978E-04
      5.8871      0.0000      0.0000    0.4443847E-05
      6.4758      0.0000      0.0000    0.1058884E-05
      7.0645      0.0000      0.0000    0.2938999E-06
      7.6532      0.0000      0.0000    0.6348085E-07
      8.2419      0.0000      0.0000    0.2160950E-07
      8.8306      0.0000      0.0000    0.3356226E-08
      9.4193      0.0000      0.0000    0.2076342E-08
     10.0080      0.0000      0.0000    0.1601273E-09
     10.5967      0.0000      0.0000    0.3760629E-09
     11.1854      0.0000      0.0000    0.8286083E-10
     11.7741      0.0000      0.0000    0.1560725E-09
     12.3628      0.0000      0.0000    0.9267836E-10
     12.9515      0.0000      0.0000    0.1058104E-09
     13.5402      0.0000      0.0000    0.8722822E-10
     14.1289      0.0000      0.0000    0.8669450E-10
     14.7176      0.0000      0.0000    0.7942705E-10
     15.3063      0.0000      0.0000    0.7705691E-10
     15.8950      0.0000      0.0000    0.7367039E-10
     16.4837      0.0000      0.0000    0.7200198E-10
     17.0724      0.0000      0.0000    0.7059865E-10
     17.6611      0.0000      0.0000    0.7008797E-10
     18.2499      0.0000      0.0000    0.7016970E-10
     18.8386      0.0000      0.0000    0.7085463E-10
