    -18.2499      0.0000      0.0000    0.7260982E-10
    -17.6611      0.0000      0.0000    0.7475332E-10
    -17.0724      0.0000      0.0000    0.7792050E-10
    -16.4837      0.0000      0.0000    0.8177605E-10
    -15.8950      0.0000      0.0000    0.8719277E-10
    -15.3063      0.0000      0.0000    0.9303847E-10
    -14.7176      0.0000      0.0000    0.1022004E-09
    -14.1289      0.0000      0.0000    0.1099679E-09
    -13.5402      0.0000      0.0000    0.1269214E-09
    -12.9515      0.0000      0.0000    0.1341538E-09
    -12.3628      0.0000      0.0000    0.1723380E-09
    -11.7741      0.0000      0.0000    0.1680609E-09
    -11.1854      0.0000      0.0000    0.2854088E-09
    -10.5967      0.0000      0.0000    0.2617449E-09
    -10.0080      0.0000      0.0000    0.8294143E-09
     -9.4193      0.0000      0.0000    0.1362309E-08
     -8.8306      0.0000      0.0000    0.6047632E-08
     -8.2419      0.0000      0.0000    0.1833013E-07
     -7.6532      0.0000      0.0000    0.7403576E-07
     -7.0645      0.0000      0.0000    0.2714693E-06
     -6.4758      0.0000      0.0000    0.1038994E-05
     -5.8871      0.0000      0.0000    0.3985972E-05
     -5.2983      0.0000      0.0000    0.1507949E-04
     -4.7096      0.0000      0.0000    0.5856998E-04
     -4.1209      0.0000      0.0000    0.2225312E-03
     -3.5322      0.0000      0.0000    0.8733194E-03
     -2.9435      0.0000      0.0000    0.3359810E-02
     -2.3548      0.0000      0.0000    0.1336618E-01
     -1.7661      0.0000      0.0000    0.5145440E-01
     -1.1774      0.0000      0.0000    0.1974815E+00
     -0.5887      0.0000      0.0000    0.4709200E+00
      0.0000      0.0000      0.0000    0.2432407E+00
      0.5887      0.0000      0.0000    0.4365846E+00
      1.1774      0.0000      0.0000    0.4304779E+00
      1.7661      0.0000      0.0000    0.1175824E+00
      2.3548      0.0000      0.0000    0.2445196E-01
      2.9435      0.0000      0.0000    0.5402074E-02
      3.5322      0.0000      0.0000    0.1237545E-02
      4.1209      0.0000      0.0000    0.2928880E-03
      4.7096      0.0000      0.0000    0.7145732E-04
      5.2983      0.0000      0.0000    0.1731108E-04
      5.8871      0.0000      0.0000    0.4436343E-05
      6.4758      0.0000      0.0000    0.1056932E-05
      7.0645      0.0000      0.0000    0.2934062E-06
      7.6532      0.0000      0.0000    0.6335441E-07
      8.2419      0.0000      0.0000    0.2157870E-07
      8.8306      0.0000      0.0000    0.3348331E-08
      9.4193      0.0000      0.0000    0.2074758E-08
     10.0080      0.0000      0.0000    0.1598180E-09
     10.5967      0.0000      0.0000    0.3761959E-09
     11.1854      0.0000      0.0000    0.8302085E-10
     11.7741      0.0000      0.0000    0.1562541E-09
     12.3628      0.0000      0.0000    0.9284157E-10
     12.9515      0.0000      0.0000    0.1059623E-09
     13.5402      0.0000      0.0000    0.8736915E-10
     14.1289      0.0000      0.0000    0.8682457E-10
     14.7176      0.0000      0.0000    0.7955100E-10
     15.3063      0.0000      0.0000    0.7717322E-10
     15.8950      0.0000      0.0000    0.7378356E-10
     16.4837      0.0000      0.0000    0.7211019E-10
     17.0724      0.0000      0.0000    0.7070613E-10
     17.6611      0.0000      0.0000    0.7019252E-10
     18.2499      0.0000      0.0000    0.7027585E-10
     18.8386      0.0000      0.0000    0.7095939E-10
