      0.0000      0.0000    -18.2499    0.8799533E-09
      0.0000      0.0000    -17.6611    0.2159260E-08
      0.0000      0.0000    -17.0724    0.7265988E-09
      0.0000      0.0000    -16.4837    0.2858754E-08
      0.0000      0.0000    -15.8950    0.4445317E-09
      0.0000      0.0000    -15.3063    0.4490033E-08
      0.0000      0.0000    -14.7176    0.1905908E-09
      0.0000      0.0000    -14.1289    0.8113972E-08
      0.0000      0.0000    -13.5402    0.5599820E-09
      0.0000      0.0000    -12.9515    0.1618515E-07
      0.0000      0.0000    -12.3628    0.3315951E-08
      0.0000      0.0000    -11.7741    0.3429761E-07
      0.0000      0.0000    -11.1854    0.1311627E-07
      0.0000      0.0000    -10.5967    0.7543196E-07
      0.0000      0.0000    -10.0080    0.4203184E-07
      0.0000      0.0000     -9.4193    0.1716931E-06
      0.0000      0.0000     -8.8306    0.1234766E-06
      0.0000      0.0000     -8.2419    0.4121058E-06
      0.0000      0.0000     -7.6532    0.3632502E-06
      0.0000      0.0000     -7.0645    0.1088798E-05
      0.0000      0.0000     -6.4758    0.1185104E-05
      0.0000      0.0000     -5.8871    0.3543049E-05
      0.0000      0.0000     -5.2983    0.5682779E-05
      0.0000      0.0000     -4.7096    0.2149231E-04
      0.0000      0.0000     -4.1209    0.7120885E-04
      0.0000      0.0000     -3.5322    0.3743795E-03
      0.0000      0.0000     -2.9435    0.1909508E-02
      0.0000      0.0000     -2.3548    0.1128435E-01
      0.0000      0.0000     -1.7661    0.6538399E-01
      0.0000      0.0000     -1.1774    0.3490340E+00
      0.0000      0.0000     -0.5887    0.7359794E+00
      0.0000      0.0000      0.0000    0.3063933E+00
      0.0000      0.0000      0.5887    0.7359794E+00
      0.0000      0.0000      1.1774    0.3490340E+00
      0.0000      0.0000      1.7661    0.6538399E-01
      0.0000      0.0000      2.3548    0.1128435E-01
      0.0000      0.0000      2.9435    0.1909508E-02
      0.0000      0.0000      3.5322    0.3743795E-03
      0.0000      0.0000      4.1209    0.7120884E-04
      0.0000      0.0000      4.7096    0.2149230E-04
      0.0000      0.0000      5.2983    0.5682778E-05
      0.0000      0.0000      5.8871    0.3543048E-05
      0.0000      0.0000      6.4758    0.1185104E-05
      0.0000      0.0000      7.0645    0.1088798E-05
      0.0000      0.0000      7.6532    0.3632502E-06
      0.0000      0.0000      8.2419    0.4121057E-06
      0.0000      0.0000      8.8306    0.1234766E-06
      0.0000      0.0000      9.4193    0.1716931E-06
      0.0000      0.0000     10.0080    0.4203184E-07
      0.0000      0.0000     10.5967    0.7543195E-07
      0.0000      0.0000     11.1854    0.1311627E-07
      0.0000      0.0000     11.7741    0.3429761E-07
      0.0000      0.0000     12.3628    0.3315951E-08
      0.0000      0.0000     12.9515    0.1618515E-07
      0.0000      0.0000     13.5402    0.5599818E-09
      0.0000      0.0000     14.1289    0.8113976E-08
      0.0000      0.0000     14.7176    0.1905897E-09
      0.0000      0.0000     15.3063    0.4490039E-08
      0.0000      0.0000     15.8950    0.4445294E-09
      0.0000      0.0000     16.4837    0.2858761E-08
      0.0000      0.0000     17.0724    0.7265960E-09
      0.0000      0.0000     17.6611    0.2159264E-08
      0.0000      0.0000     18.2499    0.8799520E-09
      0.0000      0.0000     18.8386    0.1962690E-08
    -18.2499      0.0000      0.0000    0.7242413E-10
    -17.6611      0.0000      0.0000    0.7472435E-10
    -17.0724      0.0000      0.0000    0.7770248E-10
    -16.4837      0.0000      0.0000    0.8177017E-10
    -15.8950      0.0000      0.0000    0.8691816E-10
    -15.3063      0.0000      0.0000    0.9306995E-10
    -14.7176      0.0000      0.0000    0.1018328E-09
    -14.1289      0.0000      0.0000    0.1100530E-09
    -13.5402      0.0000      0.0000    0.1263984E-09
    -12.9515      0.0000      0.0000    0.1342894E-09
    -12.3628      0.0000      0.0000    0.1715188E-09
    -11.7741      0.0000      0.0000    0.1681056E-09
    -11.1854      0.0000      0.0000    0.2838318E-09
    -10.5967      0.0000      0.0000    0.2608939E-09
    -10.0080      0.0000      0.0000    0.8253705E-09
     -9.4193      0.0000      0.0000    0.1357854E-08
     -8.8306      0.0000      0.0000    0.6038597E-08
     -8.2419      0.0000      0.0000    0.1833202E-07
     -7.6532      0.0000      0.0000    0.7409608E-07
     -7.0645      0.0000      0.0000    0.2718579E-06
     -6.4758      0.0000      0.0000    0.1040682E-05
     -5.8871      0.0000      0.0000    0.3992935E-05
     -5.2983      0.0000      0.0000    0.1510545E-04
     -4.7096      0.0000      0.0000    0.5866504E-04
     -4.1209      0.0000      0.0000    0.2228588E-03
     -3.5322      0.0000      0.0000    0.8744098E-03
     -2.9435      0.0000      0.0000    0.3363168E-02
     -2.3548      0.0000      0.0000    0.1337527E-01
     -1.7661      0.0000      0.0000    0.5147212E-01
     -1.1774      0.0000      0.0000    0.1974679E+00
     -0.5887      0.0000      0.0000    0.4707278E+00
      0.0000      0.0000      0.0000    0.2431955E+00
      0.5887      0.0000      0.0000    0.4364510E+00
      1.1774      0.0000      0.0000    0.4303560E+00
      1.7661      0.0000      0.0000    0.1175890E+00
      2.3548      0.0000      0.0000    0.2446298E-01
      2.9435      0.0000      0.0000    0.5406376E-02
      3.5322      0.0000      0.0000    0.1238901E-02
      4.1209      0.0000      0.0000    0.2932829E-03
      4.7096      0.0000      0.0000    0.7156592E-04
      5.2983      0.0000      0.0000    0.1734019E-04
      5.8871      0.0000      0.0000    0.4443851E-05
      6.4758      0.0000      0.0000    0.1058850E-05
      7.0645      0.0000      0.0000    0.2938736E-06
      7.6532      0.0000      0.0000    0.6347039E-07
      8.2419      0.0000      0.0000    0.2160393E-07
      8.8306      0.0000      0.0000    0.3354908E-08
      9.4193      0.0000      0.0000    0.2075525E-08
     10.0080      0.0000      0.0000    0.1600716E-09
     10.5967      0.0000      0.0000    0.3760219E-09
     11.1854      0.0000      0.0000    0.8283146E-10
     11.7741      0.0000      0.0000    0.1561456E-09
     12.3628      0.0000      0.0000    0.9260588E-10
     12.9515      0.0000      0.0000    0.1058944E-09
     13.5402      0.0000      0.0000    0.8714582E-10
     14.1289      0.0000      0.0000    0.8677058E-10
     14.7176      0.0000      0.0000    0.7935095E-10
     15.3063      0.0000      0.0000    0.7712252E-10
     15.8950      0.0000      0.0000    0.7360298E-10
     16.4837      0.0000      0.0000    0.7206009E-10
     17.0724      0.0000      0.0000    0.7053612E-10
     17.6611      0.0000      0.0000    0.7014436E-10
     18.2499      0.0000      0.0000    0.7010511E-10
     18.8386      0.0000      0.0000    0.7091742E-10
