      0.0000      0.0000    -18.2499    0.6966829E-09
      0.0000      0.0000    -17.6611    0.3130495E-08
      0.0000      0.0000    -17.0724    0.8516512E-08
      0.0000      0.0000    -16.4837    0.2023880E-07
      0.0000      0.0000    -15.8950    0.4320383E-07
      0.0000      0.0000    -15.3063    0.8985712E-07
      0.0000      0.0000    -14.7176    0.1771180E-06
      0.0000      0.0000    -14.1289    0.3441410E-06
      0.0000      0.0000    -13.5402    0.6416602E-06
      0.0000      0.0000    -12.9515    0.1177952E-05
      0.0000      0.0000    -12.3628    0.2085225E-05
      0.0000      0.0000    -11.7741    0.3628587E-05
      0.0000      0.0000    -11.1854    0.6109392E-05
      0.0000      0.0000    -10.5967    0.1011314E-04
      0.0000      0.0000    -10.0080    0.1626130E-04
      0.0000      0.0000     -9.4193    0.2578317E-04
      0.0000      0.0000     -8.8306    0.3995662E-04
      0.0000      0.0000     -8.2419    0.6151126E-04
      0.0000      0.0000     -7.6532    0.9356089E-04
      0.0000      0.0000     -7.0645    0.1434181E-03
      0.0000      0.0000     -6.4758    0.2212918E-03
      0.0000      0.0000     -5.8871    0.3526624E-03
      0.0000      0.0000     -5.2983    0.5822180E-03
      0.0000      0.0000     -4.7096    0.1028096E-02
      0.0000      0.0000     -4.1209    0.1948326E-02
      0.0000      0.0000     -3.5322    0.4095798E-02
      0.0000      0.0000     -2.9435    0.9498369E-02
      0.0000      0.0000     -2.3548    0.2482986E-01
      0.0000      0.0000     -1.7661    0.7056510E-01
      0.0000      0.0000     -1.1774    0.1950254E+00
      0.0000      0.0000     -0.5887    0.2996863E+00
      0.0000      0.0000      0.0000    0.2021242E+00
      0.0000      0.0000      0.5887    0.2996863E+00
      0.0000      0.0000      1.1774    0.1950254E+00
      0.0000      0.0000      1.7661    0.7056510E-01
      0.0000      0.0000      2.3548    0.2482986E-01
      0.0000      0.0000      2.9435    0.9498369E-02
      0.0000      0.0000      3.5322    0.4095798E-02
      0.0000      0.0000      4.1209    0.1948326E-02
      0.0000      0.0000      4.7096    0.1028096E-02
      0.0000      0.0000      5.2983    0.5822180E-03
      0.0000      0.0000      5.8871    0.3526624E-03
      0.0000      0.0000      6.4758    0.2212918E-03
      0.0000      0.0000      7.0645    0.1434181E-03
      0.0000      0.0000      7.6532    0.9356089E-04
      0.0000      0.0000      8.2419    0.6151126E-04
      0.0000      0.0000      8.8306    0.3995662E-04
      0.0000      0.0000      9.4193    0.2578317E-04
      0.0000      0.0000     10.0080    0.1626131E-04
      0.0000      0.0000     10.5967    0.1011316E-04
      0.0000      0.0000     11.1854    0.6109420E-05
      0.0000      0.0000     11.7741    0.3628629E-05
      0.0000      0.0000     12.3628    0.2085287E-05
      0.0000      0.0000     12.9515    0.1178037E-05
      0.0000      0.0000     13.5402    0.6417749E-06
      0.0000      0.0000     14.1289    0.3442896E-06
      0.0000      0.0000     14.7176    0.1773014E-06
      0.0000      0.0000     15.3063    0.9007416E-07
      0.0000      0.0000     15.8950    0.4344453E-07
      0.0000      0.0000     16.4837    0.2048938E-07
      0.0000      0.0000     17.0724    0.8750668E-08
      0.0000      0.0000     17.6611    0.3319281E-08
      0.0000      0.0000     18.2499    0.8036419E-09
      0.0000      0.0000     18.8386    0.9481158E-10
    -18.2499      0.0000      0.0000    0.7249694E-10
    -17.6611      0.0000      0.0000    0.7463718E-10
    -17.0724      0.0000      0.0000    0.7780041E-10
    -16.4837      0.0000      0.0000    0.8164940E-10
    -15.8950      0.0000      0.0000    0.8705997E-10
    -15.3063      0.0000      0.0000    0.9289414E-10
    -14.7176      0.0000      0.0000    0.1020479E-09
    -14.1289      0.0000      0.0000    0.1097952E-09
    -13.5402      0.0000      0.0000    0.1267398E-09
    -12.9515      0.0000      0.0000    0.1339373E-09
    -12.3628      0.0000      0.0000    0.1721190E-09
    -11.7741      0.0000      0.0000    0.1677958E-09
    -11.1854      0.0000      0.0000    0.2852012E-09
    -10.5967      0.0000      0.0000    0.2616757E-09
    -10.0080      0.0000      0.0000    0.8300809E-09
     -9.4193      0.0000      0.0000    0.1365931E-08
     -8.8306      0.0000      0.0000    0.6060810E-08
     -8.2419      0.0000      0.0000    0.1838218E-07
     -7.6532      0.0000      0.0000    0.7421505E-07
     -7.0645      0.0000      0.0000    0.2721428E-06
     -6.4758      0.0000      0.0000    0.1041341E-05
     -5.8871      0.0000      0.0000    0.3994521E-05
     -5.2983      0.0000      0.0000    0.1510912E-04
     -4.7096      0.0000      0.0000    0.5867386E-04
     -4.1209      0.0000      0.0000    0.2228793E-03
     -3.5322      0.0000      0.0000    0.8744581E-03
     -2.9435      0.0000      0.0000    0.3363275E-02
     -2.3548      0.0000      0.0000    0.1337548E-01
     -1.7661      0.0000      0.0000    0.5147238E-01
     -1.1774      0.0000      0.0000    0.1974671E+00
     -0.5887      0.0000      0.0000    0.4707229E+00
      0.0000      0.0000      0.0000    0.2431928E+00
      0.5887      0.0000      0.0000    0.4364480E+00
      1.1774      0.0000      0.0000    0.4303538E+00
      1.7661      0.0000      0.0000    0.1175889E+00
      2.3548      0.0000      0.0000    0.2446312E-01
      2.9435      0.0000      0.0000    0.5406440E-02
      3.5322      0.0000      0.0000    0.1238924E-02
      4.1209      0.0000      0.0000    0.2932911E-03
      4.7096      0.0000      0.0000    0.7156878E-04
      5.2983      0.0000      0.0000    0.1734121E-04
      5.8871      0.0000      0.0000    0.4444230E-05
      6.4758      0.0000      0.0000    0.1058986E-05
      7.0645      0.0000      0.0000    0.2939274E-06
      7.6532      0.0000      0.0000    0.6348808E-07
      8.2419      0.0000      0.0000    0.2161157E-07
      8.8306      0.0000      0.0000    0.3356747E-08
      9.4193      0.0000      0.0000    0.2076520E-08
     10.0080      0.0000      0.0000    0.1601532E-09
     10.5967      0.0000      0.0000    0.3760785E-09
     11.1854      0.0000      0.0000    0.8285129E-10
     11.7741      0.0000      0.0000    0.1560698E-09
     12.3628      0.0000      0.0000    0.9266921E-10
     12.9515      0.0000      0.0000    0.1058051E-09
     13.5402      0.0000      0.0000    0.8722126E-10
     14.1289      0.0000      0.0000    0.8668881E-10
     14.7176      0.0000      0.0000    0.7942151E-10
     15.3063      0.0000      0.0000    0.7705129E-10
     15.8950      0.0000      0.0000    0.7366568E-10
     16.4837      0.0000      0.0000    0.7199642E-10
     17.0724      0.0000      0.0000    0.7059443E-10
     17.6611      0.0000      0.0000    0.7008232E-10
     18.2499      0.0000      0.0000    0.7016578E-10
     18.8386      0.0000      0.0000    0.7084865E-10
