      0.0000      0.0000    -18.2499    0.3930477E-09
      0.0000      0.0000    -17.6611    0.3983556E-09
      0.0000      0.0000    -17.0724    0.4092091E-09
      0.0000      0.0000    -16.4837    0.4231677E-09
      0.0000      0.0000    -15.8950    0.4437142E-09
      0.0000      0.0000    -15.3063    0.4687234E-09
      0.0000      0.0000    -14.7176    0.5016147E-09
      0.0000      0.0000    -14.1289    0.5434991E-09
      0.0000      0.0000    -13.5402    0.5914043E-09
      0.0000      0.0000    -12.9515    0.6668745E-09
      0.0000      0.0000    -12.3628    0.7255313E-09
      0.0000      0.0000    -11.7741    0.9009649E-09
      0.0000      0.0000    -11.1854    0.9375780E-09
      0.0000      0.0000    -10.5967    0.1587392E-08
      0.0000      0.0000    -10.0080    0.1657789E-08
      0.0000      0.0000     -9.4193    0.5662371E-08
      0.0000      0.0000     -8.8306    0.9474286E-08
      0.0000      0.0000     -8.2419    0.4477072E-07
      0.0000      0.0000     -7.6532    0.1160049E-06
      0.0000      0.0000     -7.0645    0.4952926E-06
      0.0000      0.0000     -6.4758    0.1540874E-05
      0.0000      0.0000     -5.8871    0.6063029E-05
      0.0000      0.0000     -5.2983    0.2042723E-04
      0.0000      0.0000     -4.7096    0.7796666E-04
      0.0000      0.0000     -4.1209    0.2758628E-03
      0.0000      0.0000     -3.5322    0.1062292E-02
      0.0000      0.0000     -2.9435    0.3991977E-02
      0.0000      0.0000     -2.3548    0.1640218E-01
      0.0000      0.0000     -1.7661    0.6923938E-01
      0.0000      0.0000     -1.1774    0.2881877E+00
      0.0000      0.0000     -0.5887    0.5460521E+00
      0.0000      0.0000      0.0000    0.2432007E+00
      0.0000      0.0000      0.5887    0.5460521E+00
      0.0000      0.0000      1.1774    0.2881877E+00
      0.0000      0.0000      1.7661    0.6923938E-01
      0.0000      0.0000      2.3548    0.1640218E-01
      0.0000      0.0000      2.9435    0.3991977E-02
      0.0000      0.0000      3.5322    0.1062292E-02
      0.0000      0.0000      4.1209    0.2758628E-03
      0.0000      0.0000      4.7096    0.7796666E-04
      0.0000      0.0000      5.2983    0.2042723E-04
      0.0000      0.0000      5.8871    0.6063029E-05
      0.0000      0.0000      6.4758    0.1540874E-05
      0.0000      0.0000      7.0645    0.4952926E-06
      0.0000      0.0000      7.6532    0.1160049E-06
      0.0000      0.0000      8.2419    0.4477072E-07
      0.0000      0.0000      8.8306    0.9474286E-08
      0.0000      0.0000      9.4193    0.5662370E-08
      0.0000      0.0000     10.0080    0.1657789E-08
      0.0000      0.0000     10.5967    0.1587391E-08
      0.0000      0.0000     11.1854    0.9375780E-09
      0.0000      0.0000     11.7741    0.9009649E-09
      0.0000      0.0000     12.3628    0.7255313E-09
      0.0000      0.0000     12.9515    0.6668745E-09
      0.0000      0.0000     13.5402    0.5914044E-09
      0.0000      0.0000     14.1289    0.5434991E-09
      0.0000      0.0000     14.7176    0.5016147E-09
      0.0000      0.0000     15.3063    0.4687234E-09
      0.0000      0.0000     15.8950    0.4437142E-09
      0.0000      0.0000     16.4837    0.4231677E-09
      0.0000      0.0000     17.0724    0.4092091E-09
      0.0000      0.0000     17.6611    0.3983556E-09
      0.0000      0.0000     18.2499    0.3930477E-09
      0.0000      0.0000     18.8386    0.3902740E-09
    -18.2499      0.0000      0.0000    0.7250198E-10
    -17.6611      0.0000      0.0000    0.7464241E-10
    -17.0724      0.0000      0.0000    0.7780579E-10
    -16.4837      0.0000      0.0000    0.8165511E-10
    -15.8950      0.0000      0.0000    0.8706595E-10
    -15.3063      0.0000      0.0000    0.9290064E-10
    -14.7176      0.0000      0.0000    0.1020548E-09
    -14.1289      0.0000      0.0000    0.1098029E-09
    -13.5402      0.0000      0.0000    0.1267483E-09
    -12.9515      0.0000      0.0000    0.1339467E-09
    -12.3628      0.0000      0.0000    0.1721302E-09
    -11.7741      0.0000      0.0000    0.1678074E-09
    -11.1854      0.0000      0.0000    0.2852168E-09
    -10.5967      0.0000      0.0000    0.2616862E-09
    -10.0080      0.0000      0.0000    0.8300948E-09
     -9.4193      0.0000      0.0000    0.1365878E-08
     -8.8306      0.0000      0.0000    0.6060621E-08
     -8.2419      0.0000      0.0000    0.1838108E-07
     -7.6532      0.0000      0.0000    0.7421108E-07
     -7.0645      0.0000      0.0000    0.2721257E-06
     -6.4758      0.0000      0.0000    0.1041277E-05
     -5.8871      0.0000      0.0000    0.3994273E-05
     -5.2983      0.0000      0.0000    0.1510822E-04
     -4.7096      0.0000      0.0000    0.5867054E-04
     -4.1209      0.0000      0.0000    0.2228677E-03
     -3.5322      0.0000      0.0000    0.8744188E-03
     -2.9435      0.0000      0.0000    0.3363152E-02
     -2.3548      0.0000      0.0000    0.1337514E-01
     -1.7661      0.0000      0.0000    0.5147168E-01
     -1.1774      0.0000      0.0000    0.1974676E+00
     -0.5887      0.0000      0.0000    0.4707302E+00
      0.0000      0.0000      0.0000    0.2431947E+00
      0.5887      0.0000      0.0000    0.4364544E+00
      1.1774      0.0000      0.0000    0.4303590E+00
      1.7661      0.0000      0.0000    0.1175885E+00
      2.3548      0.0000      0.0000    0.2446260E-01
      2.9435      0.0000      0.0000    0.5406237E-02
      3.5322      0.0000      0.0000    0.1238860E-02
      4.1209      0.0000      0.0000    0.2932723E-03
      4.7096      0.0000      0.0000    0.7156355E-04
      5.2983      0.0000      0.0000    0.1733978E-04
      5.8871      0.0000      0.0000    0.4443853E-05
      6.4758      0.0000      0.0000    0.1058887E-05
      7.0645      0.0000      0.0000    0.2939017E-06
      7.6532      0.0000      0.0000    0.6348156E-07
      8.2419      0.0000      0.0000    0.2160987E-07
      8.8306      0.0000      0.0000    0.3356341E-08
      9.4193      0.0000      0.0000    0.2076417E-08
     10.0080      0.0000      0.0000    0.1601391E-09
     10.5967      0.0000      0.0000    0.3760802E-09
     11.1854      0.0000      0.0000    0.8285938E-10
     11.7741      0.0000      0.0000    0.1560774E-09
     12.3628      0.0000      0.0000    0.9267691E-10
     12.9515      0.0000      0.0000    0.1058119E-09
     13.5402      0.0000      0.0000    0.8722777E-10
     14.1289      0.0000      0.0000    0.8669478E-10
     14.7176      0.0000      0.0000    0.7942722E-10
     15.3063      0.0000      0.0000    0.7705669E-10
     15.8950      0.0000      0.0000    0.7367089E-10
     16.4837      0.0000      0.0000    0.7200148E-10
     17.0724      0.0000      0.0000    0.7059939E-10
     17.6611      0.0000      0.0000    0.7008724E-10
     18.2499      0.0000      0.0000    0.7017068E-10
     18.8386      0.0000      0.0000    0.7085361E-10
