      0.0000      0.0000    -18.2499    0.3948907E-09
      0.0000      0.0000    -17.6611    0.3950221E-09
      0.0000      0.0000    -17.0724    0.4116464E-09
      0.0000      0.0000    -16.4837    0.4189726E-09
      0.0000      0.0000    -15.8950    0.4475293E-09
      0.0000      0.0000    -15.3063    0.4628606E-09
      0.0000      0.0000    -14.7176    0.5080660E-09
      0.0000      0.0000    -14.1289    0.5346489E-09
      0.0000      0.0000    -13.5402    0.6026716E-09
      0.0000      0.0000    -12.9515    0.6523841E-09
      0.0000      0.0000    -12.3628    0.7451389E-09
      0.0000      0.0000    -11.7741    0.8737285E-09
      0.0000      0.0000    -11.1854    0.9683129E-09
      0.0000      0.0000    -10.5967    0.1521112E-08
      0.0000      0.0000    -10.0080    0.1679320E-08
      0.0000      0.0000     -9.4193    0.5434576E-08
      0.0000      0.0000     -8.8306    0.9294099E-08
      0.0000      0.0000     -8.2419    0.4376349E-07
      0.0000      0.0000     -7.6532    0.1144554E-06
      0.0000      0.0000     -7.0645    0.4906202E-06
      0.0000      0.0000     -6.4758    0.1532847E-05
      0.0000      0.0000     -5.8871    0.6045993E-05
      0.0000      0.0000     -5.2983    0.2040863E-04
      0.0000      0.0000     -4.7096    0.7797643E-04
      0.0000      0.0000     -4.1209    0.2760892E-03
      0.0000      0.0000     -3.5322    0.1063398E-02
      0.0000      0.0000     -2.9435    0.3996202E-02
      0.0000      0.0000     -2.3548    0.1641517E-01
      0.0000      0.0000     -1.7661    0.6926685E-01
      0.0000      0.0000     -1.1774    0.2881506E+00
      0.0000      0.0000     -0.5887    0.5458227E+00
      0.0000      0.0000      0.0000    0.2432376E+00
      0.0000      0.0000      0.5887    0.5458227E+00
      0.0000      0.0000      1.1774    0.2881506E+00
      0.0000      0.0000      1.7661    0.6926685E-01
      0.0000      0.0000      2.3548    0.1641517E-01
      0.0000      0.0000      2.9435    0.3996202E-02
      0.0000      0.0000      3.5322    0.1063398E-02
      0.0000      0.0000      4.1209    0.2760892E-03
      0.0000      0.0000      4.7096    0.7797643E-04
      0.0000      0.0000      5.2983    0.2040863E-04
      0.0000      0.0000      5.8871    0.6045993E-05
      0.0000      0.0000      6.4758    0.1532847E-05
      0.0000      0.0000      7.0645    0.4906202E-06
      0.0000      0.0000      7.6532    0.1144554E-06
      0.0000      0.0000      8.2419    0.4376349E-07
      0.0000      0.0000      8.8306    0.9294099E-08
      0.0000      0.0000      9.4193    0.5434576E-08
      0.0000      0.0000     10.0080    0.1679320E-08
      0.0000      0.0000     10.5967    0.1521112E-08
      0.0000      0.0000     11.1854    0.9683129E-09
      0.0000      0.0000     11.7741    0.8737285E-09
      0.0000      0.0000     12.3628    0.7451389E-09
      0.0000      0.0000     12.9515    0.6523841E-09
      0.0000      0.0000     13.5402    0.6026716E-09
      0.0000      0.0000     14.1289    0.5346489E-09
      0.0000      0.0000     14.7176    0.5080660E-09
      0.0000      0.0000     15.3063    0.4628605E-09
      0.0000      0.0000     15.8950    0.4475293E-09
      0.0000      0.0000     16.4837    0.4189726E-09
      0.0000      0.0000     17.0724    0.4116465E-09
      0.0000      0.0000     17.6611    0.3950221E-09
      0.0000      0.0000     18.2499    0.3948907E-09
      0.0000      0.0000     18.8386    0.3872107E-09
    -18.2499      0.0000      0.0000    0.7250182E-10
    -17.6611      0.0000      0.0000    0.7464259E-10
    -17.0724      0.0000      0.0000    0.7780556E-10
    -16.4837      0.0000      0.0000    0.8165538E-10
    -15.8950      0.0000      0.0000    0.8706560E-10
    -15.3063      0.0000      0.0000    0.9290105E-10
    -14.7176      0.0000      0.0000    0.1020543E-09
    -14.1289      0.0000      0.0000    0.1098035E-09
    -13.5402      0.0000      0.0000    0.1267475E-09
    -12.9515      0.0000      0.0000    0.1339476E-09
    -12.3628      0.0000      0.0000    0.1721287E-09
    -11.7741      0.0000      0.0000    0.1678084E-09
    -11.1854      0.0000      0.0000    0.2852135E-09
    -10.5967      0.0000      0.0000    0.2616850E-09
    -10.0080      0.0000      0.0000    0.8300841E-09
     -9.4193      0.0000      0.0000    0.1365861E-08
     -8.8306      0.0000      0.0000    0.6060572E-08
     -8.2419      0.0000      0.0000    0.1838097E-07
     -7.6532      0.0000      0.0000    0.7421082E-07
     -7.0645      0.0000      0.0000    0.2721251E-06
     -6.4758      0.0000      0.0000    0.1041276E-05
     -5.8871      0.0000      0.0000    0.3994270E-05
     -5.2983      0.0000      0.0000    0.1510822E-04
     -4.7096      0.0000      0.0000    0.5867053E-04
     -4.1209      0.0000      0.0000    0.2228677E-03
     -3.5322      0.0000      0.0000    0.8744188E-03
     -2.9435      0.0000      0.0000    0.3363152E-02
     -2.3548      0.0000      0.0000    0.1337514E-01
     -1.7661      0.0000      0.0000    0.5147168E-01
     -1.1774      0.0000      0.0000    0.1974676E+00
     -0.5887      0.0000      0.0000    0.4707302E+00
      0.0000      0.0000      0.0000    0.2431947E+00
      0.5887      0.0000      0.0000    0.4364544E+00
      1.1774      0.0000      0.0000    0.4303590E+00
      1.7661      0.0000      0.0000    0.1175885E+00
      2.3548      0.0000      0.0000    0.2446260E-01
      2.9435      0.0000      0.0000    0.5406237E-02
      3.5322      0.0000      0.0000    0.1238860E-02
      4.1209      0.0000      0.0000    0.2932723E-03
      4.7096      0.0000      0.0000    0.7156355E-04
      5.2983      0.0000      0.0000    0.1733978E-04
      5.8871      0.0000      0.0000    0.4443852E-05
      6.4758      0.0000      0.0000    0.1058887E-05
      7.0645      0.0000      0.0000    0.2939014E-06
      7.6532      0.0000      0.0000    0.6348145E-07
      8.2419      0.0000      0.0000    0.2160981E-07
      8.8306      0.0000      0.0000    0.3356324E-08
      9.4193      0.0000      0.0000    0.2076405E-08
     10.0080      0.0000      0.0000    0.1601372E-09
     10.5967      0.0000      0.0000    0.3760775E-09
     11.1854      0.0000      0.0000    0.8285963E-10
     11.7741      0.0000      0.0000    0.1560765E-09
     12.3628      0.0000      0.0000    0.9267719E-10
     12.9515      0.0000      0.0000    0.1058116E-09
     13.5402      0.0000      0.0000    0.8722791E-10
     14.1289      0.0000      0.0000    0.8669468E-10
     14.7176      0.0000      0.0000    0.7942725E-10
     15.3063      0.0000      0.0000    0.7705667E-10
     15.8950      0.0000      0.0000    0.7367087E-10
     16.4837      0.0000      0.0000    0.7200151E-10
     17.0724      0.0000      0.0000    0.7059932E-10
     17.6611      0.0000      0.0000    0.7008731E-10
     18.2499      0.0000      0.0000    0.7017057E-10
     18.8386      0.0000      0.0000    0.7085373E-10
